0.0	85.0
0.0	0.0
-100.0	-0.00027
-99.95	-0.00027
-99.9	-0.00026
-99.85	-0.00026
-99.8	-0.00025
-99.75	-0.00024
-99.7	-0.00022
-99.65	-0.00021
-99.6	-0.0002
-99.55	-0.00018
-99.5	-0.00017
-99.45	-0.00016
-99.4	-0.00015
-99.35	-0.00014
-99.3	-0.00013
-99.25	-0.00012
-99.2	-0.00011
-99.15	-0.00011
-99.1	-0.00011
-99.05	-0.0001
-99.0	-0.0001
-98.95	-0.0001
-98.9	-0.0001
-98.85	-0.0001
-98.8	-0.0001
-98.75	-0.0001
-98.7	-0.0001
-98.65	-0.0001
-98.6	-0.00011
-98.55	-0.00011
-98.5	-0.00011
-98.45	-0.00012
-98.4	-0.00012
-98.35	-0.00013
-98.3	-0.00013
-98.25	-0.00014
-98.2	-0.00014
-98.15	-0.00015
-98.1	-0.00015
-98.05	-0.00016
-98.0	-0.00017
-97.95	-0.00017
-97.9	-0.00018
-97.85	-0.00018
-97.8	-0.00019
-97.75	-0.00019
-97.7	-0.0002
-97.65	-0.0002
-97.6	-0.00021
-97.55	-0.00021
-97.5	-0.00022
-97.45	-0.00023
-97.4	-0.00024
-97.35	-0.00025
-97.3	-0.00026
-97.25	-0.00027
-97.2	-0.00029
-97.15	-0.0003
-97.1	-0.00032
-97.05	-0.00033
-97.0	-0.00035
-96.95	-0.00036
-96.9	-0.00038
-96.85	-0.00039
-96.8	-0.0004
-96.75	-0.00041
-96.7	-0.00041
-96.65	-0.00042
-96.6	-0.00042
-96.55	-0.00042
-96.5	-0.00042
-96.45	-0.00042
-96.4	-0.00041
-96.35	-0.00041
-96.3	-0.00041
-96.25	-0.0004
-96.2	-0.0004
-96.15	-0.00039
-96.1	-0.00039
-96.05	-0.00039
-96.0	-0.00039
-95.95	-0.00039
-95.9	-0.00038
-95.85	-0.00038
-95.8	-0.00038
-95.75	-0.00038
-95.7	-0.00038
-95.65	-0.00038
-95.6	-0.00038
-95.55	-0.00038
-95.5	-0.00037
-95.45	-0.00037
-95.4	-0.00036
-95.35	-0.00036
-95.3	-0.00035
-95.25	-0.00034
-95.2	-0.00034
-95.15	-0.00033
-95.1	-0.00032
-95.05	-0.00032
-95.0	-0.00031
-94.95	-0.00031
-94.9	-0.0003
-94.85	-0.0003
-94.8	-0.00029
-94.75	-0.00029
-94.7	-0.00028
-94.65	-0.00027
-94.6	-0.00026
-94.55	-0.00024
-94.5	-0.00023
-94.45	-0.00021
-94.4	-0.00019
-94.35	-0.00017
-94.3	-0.00015
-94.25	-0.00013
-94.2	-0.00011
-94.15	-9.0e-5
-94.1	-7.0e-5
-94.05	-5.0e-5
-94.0	-3.0e-5
-93.95	-2.0e-5
-93.9	-1.0e-5
-93.85	-0.0
-93.8	1.0e-5
-93.75	1.0e-5
-93.7	1.0e-5
-93.65	1.0e-5
-93.6	1.0e-5
-93.55	0.0
-93.5	-0.0
-93.45	-1.0e-5
-93.4	-2.0e-5
-93.35	-4.0e-5
-93.3	-5.0e-5
-93.25	-6.0e-5
-93.2	-8.0e-5
-93.15	-9.0e-5
-93.1	-0.0001
-93.05	-0.00012
-93.0	-0.00013
-92.95	-0.00013
-92.9	-0.00014
-92.85	-0.00015
-92.8	-0.00015
-92.75	-0.00015
-92.7	-0.00015
-92.65	-0.00015
-92.6	-0.00014
-92.55	-0.00014
-92.5	-0.00013
-92.45	-0.00013
-92.4	-0.00012
-92.35	-0.00011
-92.3	-9.0e-5
-92.25	-8.0e-5
-92.2	-7.0e-5
-92.15	-5.0e-5
-92.1	-3.0e-5
-92.05	-1.0e-5
-92.0	1.0e-5
-91.95	2.0e-5
-91.9	4.0e-5
-91.85	6.0e-5
-91.8	8.0e-5
-91.75	0.0001
-91.7	0.00011
-91.65	0.00012
-91.6	0.00014
-91.55	0.00014
-91.5	0.00015
-91.45	0.00015
-91.4	0.00016
-91.35	0.00015
-91.3	0.00015
-91.25	0.00015
-91.2	0.00014
-91.15	0.00014
-91.1	0.00013
-91.05	0.00012
-91.0	0.00012
-90.95	0.00011
-90.9	0.00011
-90.85	0.00011
-90.8	0.0001
-90.75	0.0001
-90.7	0.0001
-90.65	9.0e-5
-90.6	9.0e-5
-90.55	8.0e-5
-90.5	8.0e-5
-90.45	7.0e-5
-90.4	6.0e-5
-90.35	5.0e-5
-90.3	4.0e-5
-90.25	3.0e-5
-90.2	2.0e-5
-90.15	1.0e-5
-90.1	0.0
-90.05	-1.0e-5
-90.0	-2.0e-5
-89.95	-2.0e-5
-89.9	-3.0e-5
-89.85	-4.0e-5
-89.8	-5.0e-5
-89.75	-6.0e-5
-89.7	-8.0e-5
-89.65	-9.0e-5
-89.6	-0.00011
-89.55	-0.00014
-89.5	-0.00016
-89.45	-0.00019
-89.4	-0.00022
-89.35	-0.00025
-89.3	-0.00029
-89.25	-0.00032
-89.2	-0.00036
-89.15	-0.00039
-89.1	-0.00043
-89.05	-0.00046
-89.0	-0.0005
-88.95	-0.00054
-88.9	-0.00057
-88.85	-0.00061
-88.8	-0.00066
-88.75	-0.00071
-88.7	-0.00077
-88.65	-0.00083
-88.6	-0.0009
-88.55	-0.00098
-88.5	-0.00106
-88.45	-0.00114
-88.4	-0.00123
-88.35	-0.00132
-88.3	-0.00141
-88.25	-0.00149
-88.2	-0.00157
-88.15	-0.00165
-88.1	-0.00171
-88.05	-0.00177
-88.0	-0.00182
-87.95	-0.00186
-87.9	-0.0019
-87.85	-0.00193
-87.8	-0.00195
-87.75	-0.00198
-87.7	-0.002
-87.65	-0.00201
-87.6	-0.00203
-87.55	-0.00205
-87.5	-0.00206
-87.45	-0.00208
-87.4	-0.00209
-87.35	-0.0021
-87.3	-0.00211
-87.25	-0.00212
-87.2	-0.00213
-87.15	-0.00214
-87.1	-0.00215
-87.05	-0.00216
-87.0	-0.00216
-86.95	-0.00217
-86.9	-0.00217
-86.85	-0.00217
-86.8	-0.00218
-86.75	-0.00218
-86.7	-0.00218
-86.65	-0.00218
-86.6	-0.00218
-86.55	-0.00218
-86.5	-0.00218
-86.45	-0.00217
-86.4	-0.00217
-86.35	-0.00216
-86.3	-0.00215
-86.25	-0.00214
-86.2	-0.00213
-86.15	-0.00212
-86.1	-0.0021
-86.05	-0.00209
-86.0	-0.00208
-85.95	-0.00207
-85.9	-0.00206
-85.85	-0.00206
-85.8	-0.00205
-85.75	-0.00205
-85.7	-0.00205
-85.65	-0.00206
-85.6	-0.00206
-85.55	-0.00207
-85.5	-0.00207
-85.45	-0.00208
-85.4	-0.00208
-85.35	-0.00209
-85.3	-0.00209
-85.25	-0.0021
-85.2	-0.0021
-85.15	-0.0021
-85.1	-0.0021
-85.05	-0.0021
-85.0	-0.0021
-84.95	-0.0021
-84.9	-0.0021
-84.85	-0.0021
-84.8	-0.00209
-84.75	-0.00209
-84.7	-0.00209
-84.65	-0.00209
-84.6	-0.00208
-84.55	-0.00208
-84.5	-0.00208
-84.45	-0.00207
-84.4	-0.00207
-84.35	-0.00206
-84.3	-0.00206
-84.25	-0.00205
-84.2	-0.00205
-84.15	-0.00204
-84.1	-0.00204
-84.05	-0.00203
-84.0	-0.00202
-83.95	-0.00201
-83.9	-0.002
-83.85	-0.00198
-83.8	-0.00196
-83.75	-0.00194
-83.7	-0.00191
-83.65	-0.00187
-83.6	-0.00182
-83.55	-0.00177
-83.5	-0.00171
-83.45	-0.00164
-83.4	-0.00157
-83.35	-0.0015
-83.3	-0.00142
-83.25	-0.00134
-83.2	-0.00127
-83.15	-0.0012
-83.1	-0.00113
-83.05	-0.00107
-83.0	-0.00101
-82.95	-0.00096
-82.9	-0.00092
-82.85	-0.00088
-82.8	-0.00085
-82.75	-0.00082
-82.7	-0.0008
-82.65	-0.00078
-82.6	-0.00076
-82.55	-0.00075
-82.5	-0.00073
-82.45	-0.00072
-82.4	-0.00071
-82.35	-0.00069
-82.3	-0.00068
-82.25	-0.00067
-82.2	-0.00066
-82.15	-0.00065
-82.1	-0.00064
-82.05	-0.00063
-82.0	-0.00063
-81.95	-0.00062
-81.9	-0.00062
-81.85	-0.00062
-81.8	-0.00062
-81.75	-0.00062
-81.7	-0.00062
-81.65	-0.00062
-81.6	-0.00062
-81.55	-0.00063
-81.5	-0.00063
-81.45	-0.00063
-81.4	-0.00064
-81.35	-0.00064
-81.3	-0.00064
-81.25	-0.00065
-81.2	-0.00065
-81.15	-0.00065
-81.1	-0.00065
-81.05	-0.00065
-81.0	-0.00066
-80.95	-0.00066
-80.9	-0.00066
-80.85	-0.00066
-80.8	-0.00065
-80.75	-0.00065
-80.7	-0.00065
-80.65	-0.00064
-80.6	-0.00064
-80.55	-0.00063
-80.5	-0.00063
-80.45	-0.00062
-80.4	-0.00061
-80.35	-0.00061
-80.3	-0.00061
-80.25	-0.0006
-80.2	-0.0006
-80.15	-0.00061
-80.1	-0.00061
-80.05	-0.00062
-80.0	-0.00063
-79.95	-0.00065
-79.9	-0.00066
-79.85	-0.00068
-79.8	-0.00071
-79.75	-0.00073
-79.7	-0.00076
-79.65	-0.00078
-79.6	-0.00081
-79.55	-0.00083
-79.5	-0.00086
-79.45	-0.00088
-79.4	-0.0009
-79.35	-0.00091
-79.3	-0.00092
-79.25	-0.00094
-79.2	-0.00094
-79.15	-0.00095
-79.1	-0.00096
-79.05	-0.00096
-79.0	-0.00096
-78.95	-0.00097
-78.9	-0.00097
-78.85	-0.00097
-78.8	-0.00097
-78.75	-0.00097
-78.7	-0.00097
-78.65	-0.00097
-78.6	-0.00096
-78.55	-0.00096
-78.5	-0.00095
-78.45	-0.00095
-78.4	-0.00094
-78.35	-0.00093
-78.3	-0.00092
-78.25	-0.00091
-78.2	-0.0009
-78.15	-0.00089
-78.1	-0.00089
-78.05	-0.00088
-78.0	-0.00087
-77.95	-0.00086
-77.9	-0.00086
-77.85	-0.00085
-77.8	-0.00085
-77.75	-0.00085
-77.7	-0.00085
-77.65	-0.00085
-77.6	-0.00085
-77.55	-0.00085
-77.5	-0.00085
-77.45	-0.00085
-77.4	-0.00086
-77.35	-0.00086
-77.3	-0.00086
-77.25	-0.00086
-77.2	-0.00086
-77.15	-0.00086
-77.1	-0.00086
-77.05	-0.00086
-77.0	-0.00086
-76.95	-0.00087
-76.9	-0.00087
-76.85	-0.00087
-76.8	-0.00087
-76.75	-0.00087
-76.7	-0.00087
-76.65	-0.00087
-76.6	-0.00086
-76.55	-0.00086
-76.5	-0.00086
-76.45	-0.00086
-76.4	-0.00086
-76.35	-0.00086
-76.3	-0.00085
-76.25	-0.00085
-76.2	-0.00085
-76.15	-0.00085
-76.1	-0.00084
-76.05	-0.00084
-76.0	-0.00083
-75.95	-0.00083
-75.9	-0.00082
-75.85	-0.00082
-75.8	-0.00082
-75.75	-0.00081
-75.7	-0.00081
-75.65	-0.0008
-75.6	-0.0008
-75.55	-0.0008
-75.5	-0.0008
-75.45	-0.00079
-75.4	-0.00079
-75.35	-0.00079
-75.3	-0.00079
-75.25	-0.00079
-75.2	-0.00079
-75.15	-0.00078
-75.1	-0.00078
-75.05	-0.00077
-75.0	-0.00076
-74.95	-0.00076
-74.9	-0.00074
-74.85	-0.00073
-74.8	-0.00071
-74.75	-0.00069
-74.7	-0.00067
-74.65	-0.00065
-74.6	-0.00062
-74.55	-0.0006
-74.5	-0.00057
-74.45	-0.00055
-74.4	-0.00053
-74.35	-0.00051
-74.3	-0.00049
-74.25	-0.00048
-74.2	-0.00047
-74.15	-0.00046
-74.1	-0.00045
-74.05	-0.00045
-74.0	-0.00045
-73.95	-0.00044
-73.9	-0.00044
-73.85	-0.00044
-73.8	-0.00044
-73.75	-0.00044
-73.7	-0.00044
-73.65	-0.00044
-73.6	-0.00044
-73.55	-0.00044
-73.5	-0.00044
-73.45	-0.00044
-73.4	-0.00044
-73.35	-0.00044
-73.3	-0.00044
-73.25	-0.00044
-73.2	-0.00045
-73.15	-0.00045
-73.1	-0.00045
-73.05	-0.00045
-73.0	-0.00045
-72.95	-0.00045
-72.9	-0.00045
-72.85	-0.00045
-72.8	-0.00045
-72.75	-0.00045
-72.7	-0.00045
-72.65	-0.00045
-72.6	-0.00045
-72.55	-0.00045
-72.5	-0.00046
-72.45	-0.00046
-72.4	-0.00046
-72.35	-0.00047
-72.3	-0.00047
-72.25	-0.00048
-72.2	-0.00048
-72.15	-0.00049
-72.1	-0.0005
-72.05	-0.00051
-72.0	-0.00052
-71.95	-0.00052
-71.9	-0.00053
-71.85	-0.00054
-71.8	-0.00054
-71.75	-0.00055
-71.7	-0.00055
-71.65	-0.00055
-71.6	-0.00055
-71.55	-0.00055
-71.5	-0.00055
-71.45	-0.00055
-71.4	-0.00055
-71.35	-0.00055
-71.3	-0.00055
-71.25	-0.00055
-71.2	-0.00055
-71.15	-0.00055
-71.1	-0.00055
-71.05	-0.00055
-71.0	-0.00055
-70.95	-0.00055
-70.9	-0.00055
-70.85	-0.00055
-70.8	-0.00055
-70.75	-0.00055
-70.7	-0.00055
-70.65	-0.00055
-70.6	-0.00055
-70.55	-0.00055
-70.5	-0.00055
-70.45	-0.00055
-70.4	-0.00055
-70.35	-0.00055
-70.3	-0.00055
-70.25	-0.00056
-70.2	-0.00056
-70.15	-0.00056
-70.1	-0.00056
-70.05	-0.00056
-70.0	-0.00056
-69.95	-0.00056
-69.9	-0.00056
-69.85	-0.00056
-69.8	-0.00056
-69.75	-0.00056
-69.7	-0.00056
-69.65	-0.00056
-69.6	-0.00056
-69.55	-0.00056
-69.5	-0.00056
-69.45	-0.00055
-69.4	-0.00054
-69.35	-0.00054
-69.3	-0.00053
-69.25	-0.00052
-69.2	-0.00051
-69.15	-0.00049
-69.1	-0.00048
-69.05	-0.00047
-69.0	-0.00046
-68.95	-0.00045
-68.9	-0.00043
-68.85	-0.00043
-68.8	-0.00042
-68.75	-0.00041
-68.7	-0.00041
-68.65	-0.0004
-68.6	-0.0004
-68.55	-0.0004
-68.5	-0.0004
-68.45	-0.0004
-68.4	-0.0004
-68.35	-0.0004
-68.3	-0.0004
-68.25	-0.0004
-68.2	-0.00039
-68.15	-0.00039
-68.1	-0.00039
-68.05	-0.00039
-68.0	-0.00039
-67.95	-0.00039
-67.9	-0.00039
-67.85	-0.00039
-67.8	-0.00039
-67.75	-0.00039
-67.7	-0.00039
-67.65	-0.00039
-67.6	-0.00039
-67.55	-0.00039
-67.5	-0.00039
-67.45	-0.00039
-67.4	-0.00039
-67.35	-0.00039
-67.3	-0.00038
-67.25	-0.00038
-67.2	-0.00037
-67.15	-0.00037
-67.1	-0.00036
-67.05	-0.00036
-67.0	-0.00035
-66.95	-0.00034
-66.9	-0.00034
-66.85	-0.00033
-66.8	-0.00033
-66.75	-0.00032
-66.7	-0.00032
-66.65	-0.00032
-66.6	-0.00031
-66.55	-0.00031
-66.5	-0.00031
-66.45	-0.00031
-66.4	-0.00031
-66.35	-0.00031
-66.3	-0.00031
-66.25	-0.00031
-66.2	-0.00031
-66.15	-0.00031
-66.1	-0.00031
-66.05	-0.00031
-66.0	-0.00031
-65.95	-0.00032
-65.9	-0.00032
-65.85	-0.00032
-65.8	-0.00032
-65.75	-0.00032
-65.7	-0.00032
-65.65	-0.00032
-65.6	-0.00032
-65.55	-0.00033
-65.5	-0.00033
-65.45	-0.00033
-65.4	-0.00033
-65.35	-0.00033
-65.3	-0.00033
-65.25	-0.00034
-65.2	-0.00034
-65.15	-0.00034
-65.1	-0.00034
-65.05	-0.00034
-65.0	-0.00035
-64.95	-0.00035
-64.9	-0.00035
-64.85	-0.00035
-64.8	-0.00035
-64.75	-0.00036
-64.7	-0.00036
-64.65	-0.00036
-64.6	-0.00036
-64.55	-0.00036
-64.5	-0.00037
-64.45	-0.00037
-64.4	-0.00037
-64.35	-0.00037
-64.3	-0.00037
-64.25	-0.00038
-64.2	-0.00038
-64.15	-0.00038
-64.1	-0.00038
-64.05	-0.00038
-64.0	-0.00039
-63.95	-0.00039
-63.9	-0.00039
-63.85	-0.00039
-63.8	-0.0004
-63.75	-0.0004
-63.7	-0.0004
-63.65	-0.0004
-63.6	-0.00041
-63.55	-0.00041
-63.5	-0.00041
-63.45	-0.00041
-63.4	-0.00042
-63.35	-0.00042
-63.3	-0.00042
-63.25	-0.00042
-63.2	-0.00042
-63.15	-0.00042
-63.1	-0.00043
-63.05	-0.00043
-63.0	-0.00043
-62.95	-0.00043
-62.9	-0.00043
-62.85	-0.00043
-62.8	-0.00043
-62.75	-0.00043
-62.7	-0.00043
-62.65	-0.00043
-62.6	-0.00043
-62.55	-0.00043
-62.5	-0.00043
-62.45	-0.00043
-62.4	-0.00043
-62.35	-0.00043
-62.3	-0.00043
-62.25	-0.00043
-62.2	-0.00043
-62.15	-0.00043
-62.1	-0.00043
-62.05	-0.00043
-62.0	-0.00043
-61.95	-0.00043
-61.9	-0.00042
-61.85	-0.00042
-61.8	-0.00042
-61.75	-0.00042
-61.7	-0.00042
-61.65	-0.00042
-61.6	-0.00041
-61.55	-0.00041
-61.5	-0.00041
-61.45	-0.00041
-61.4	-0.0004
-61.35	-0.0004
-61.3	-0.0004
-61.25	-0.0004
-61.2	-0.00039
-61.15	-0.00039
-61.1	-0.00039
-61.05	-0.00039
-61.0	-0.00039
-60.95	-0.00038
-60.9	-0.00038
-60.85	-0.00038
-60.8	-0.00038
-60.75	-0.00038
-60.7	-0.00038
-60.65	-0.00037
-60.6	-0.00037
-60.55	-0.00037
-60.5	-0.00037
-60.45	-0.00037
-60.4	-0.00037
-60.35	-0.00037
-60.3	-0.00036
-60.25	-0.00036
-60.2	-0.00036
-60.15	-0.00036
-60.1	-0.00036
-60.05	-0.00036
-60.0	-0.00036
-59.95	-0.00036
-59.9	-0.00035
-59.85	-0.00035
-59.8	-0.00035
-59.75	-0.00035
-59.7	-0.00035
-59.65	-0.00035
-59.6	-0.00035
-59.55	-0.00035
-59.5	-0.00035
-59.45	-0.00035
-59.4	-0.00035
-59.35	-0.00036
-59.3	-0.00036
-59.25	-0.00036
-59.2	-0.00036
-59.15	-0.00036
-59.1	-0.00036
-59.05	-0.00036
-59.0	-0.00036
-58.95	-0.00036
-58.9	-0.00036
-58.85	-0.00036
-58.8	-0.00036
-58.75	-0.00036
-58.7	-0.00036
-58.65	-0.00036
-58.6	-0.00036
-58.55	-0.00036
-58.5	-0.00036
-58.45	-0.00036
-58.4	-0.00036
-58.35	-0.00036
-58.3	-0.00036
-58.25	-0.00037
-58.2	-0.00037
-58.15	-0.00037
-58.1	-0.00037
-58.05	-0.00037
-58.0	-0.00037
-57.95	-0.00037
-57.9	-0.00037
-57.85	-0.00037
-57.8	-0.00036
-57.75	-0.00036
-57.7	-0.00036
-57.65	-0.00036
-57.6	-0.00036
-57.55	-0.00036
-57.5	-0.00035
-57.45	-0.00035
-57.4	-0.00035
-57.35	-0.00035
-57.3	-0.00035
-57.25	-0.00035
-57.2	-0.00035
-57.15	-0.00035
-57.1	-0.00035
-57.05	-0.00035
-57.0	-0.00035
-56.95	-0.00036
-56.9	-0.00036
-56.85	-0.00036
-56.8	-0.00036
-56.75	-0.00036
-56.7	-0.00036
-56.65	-0.00036
-56.6	-0.00036
-56.55	-0.00036
-56.5	-0.00036
-56.45	-0.00036
-56.4	-0.00037
-56.35	-0.00037
-56.3	-0.00037
-56.25	-0.00037
-56.2	-0.00037
-56.15	-0.00036
-56.1	-0.00036
-56.05	-0.00036
-56.0	-0.00036
-55.95	-0.00036
-55.9	-0.00036
-55.85	-0.00036
-55.8	-0.00036
-55.75	-0.00036
-55.7	-0.00036
-55.65	-0.00036
-55.6	-0.00036
-55.55	-0.00036
-55.5	-0.00037
-55.45	-0.00037
-55.4	-0.00037
-55.35	-0.00037
-55.3	-0.00037
-55.25	-0.00037
-55.2	-0.00037
-55.15	-0.00037
-55.1	-0.00037
-55.05	-0.00037
-55.0	-0.00037
-54.95	-0.00037
-54.9	-0.00037
-54.85	-0.00037
-54.8	-0.00037
-54.75	-0.00038
-54.7	-0.00038
-54.65	-0.00038
-54.6	-0.00038
-54.55	-0.00038
-54.5	-0.00038
-54.45	-0.00038
-54.4	-0.00038
-54.35	-0.00038
-54.3	-0.00038
-54.25	-0.00038
-54.2	-0.00038
-54.15	-0.00038
-54.1	-0.00038
-54.05	-0.00038
-54.0	-0.00038
-53.95	-0.00038
-53.9	-0.00038
-53.85	-0.00038
-53.8	-0.00038
-53.75	-0.00038
-53.7	-0.00038
-53.65	-0.00038
-53.6	-0.00038
-53.55	-0.00038
-53.5	-0.00037
-53.45	-0.00037
-53.4	-0.00037
-53.35	-0.00037
-53.3	-0.00037
-53.25	-0.00037
-53.2	-0.00037
-53.15	-0.00037
-53.1	-0.00037
-53.05	-0.00036
-53.0	-0.00036
-52.95	-0.00037
-52.9	-0.00037
-52.85	-0.00037
-52.8	-0.00037
-52.75	-0.00037
-52.7	-0.00037
-52.65	-0.00037
-52.6	-0.00037
-52.55	-0.00037
-52.5	-0.00037
-52.45	-0.00037
-52.4	-0.00036
-52.35	-0.00036
-52.3	-0.00036
-52.25	-0.00036
-52.2	-0.00036
-52.15	-0.00036
-52.1	-0.00036
-52.05	-0.00036
-52.0	-0.00036
-51.95	-0.00036
-51.9	-0.00036
-51.85	-0.00036
-51.8	-0.00037
-51.75	-0.00037
-51.7	-0.00037
-51.65	-0.00037
-51.6	-0.00037
-51.55	-0.00037
-51.5	-0.00037
-51.45	-0.00037
-51.4	-0.00037
-51.35	-0.00037
-51.3	-0.00037
-51.25	-0.00037
-51.2	-0.00036
-51.15	-0.00036
-51.1	-0.00036
-51.05	-0.00036
-51.0	-0.00036
-50.95	-0.00035
-50.9	-0.00035
-50.85	-0.00035
-50.8	-0.00035
-50.75	-0.00035
-50.7	-0.00035
-50.65	-0.00035
-50.6	-0.00035
-50.55	-0.00035
-50.5	-0.00034
-50.45	-0.00034
-50.4	-0.00035
-50.35	-0.00035
-50.3	-0.00035
-50.25	-0.00035
-50.2	-0.00035
-50.15	-0.00035
-50.1	-0.00035
-50.05	-0.00035
-50.0	-0.00035
-49.95	-0.00035
-49.9	-0.00036
-49.85	-0.00036
-49.8	-0.00036
-49.75	-0.00036
-49.7	-0.00036
-49.65	-0.00036
-49.6	-0.00036
-49.55	-0.00036
-49.5	-0.00036
-49.45	-0.00036
-49.4	-0.00036
-49.35	-0.00036
-49.3	-0.00036
-49.25	-0.00036
-49.2	-0.00036
-49.15	-0.00036
-49.1	-0.00036
-49.05	-0.00036
-49.0	-0.00035
-48.95	-0.00035
-48.9	-0.00035
-48.85	-0.00035
-48.8	-0.00035
-48.75	-0.00035
-48.7	-0.00035
-48.65	-0.00034
-48.6	-0.00034
-48.55	-0.00034
-48.5	-0.00034
-48.45	-0.00033
-48.4	-0.00033
-48.35	-0.00033
-48.3	-0.00033
-48.25	-0.00032
-48.2	-0.00032
-48.15	-0.00032
-48.1	-0.00032
-48.05	-0.00032
-48.0	-0.00032
-47.95	-0.00032
-47.9	-0.00032
-47.85	-0.00032
-47.8	-0.00032
-47.75	-0.00033
-47.7	-0.00033
-47.65	-0.00034
-47.6	-0.00034
-47.55	-0.00035
-47.5	-0.00035
-47.45	-0.00036
-47.4	-0.00036
-47.35	-0.00036
-47.3	-0.00037
-47.25	-0.00037
-47.2	-0.00038
-47.15	-0.00038
-47.1	-0.00038
-47.05	-0.00038
-47.0	-0.00038
-46.95	-0.00038
-46.9	-0.00039
-46.85	-0.00039
-46.8	-0.00039
-46.75	-0.00039
-46.7	-0.00039
-46.65	-0.00039
-46.6	-0.00039
-46.55	-0.0004
-46.5	-0.0004
-46.45	-0.0004
-46.4	-0.0004
-46.35	-0.0004
-46.3	-0.0004
-46.25	-0.0004
-46.2	-0.0004
-46.15	-0.0004
-46.1	-0.0004
-46.05	-0.0004
-46.0	-0.00039
-45.95	-0.00039
-45.9	-0.00039
-45.85	-0.00039
-45.8	-0.00038
-45.75	-0.00038
-45.7	-0.00038
-45.65	-0.00038
-45.6	-0.00038
-45.55	-0.00038
-45.5	-0.00038
-45.45	-0.00038
-45.4	-0.00038
-45.35	-0.00038
-45.3	-0.00039
-45.25	-0.00039
-45.2	-0.0004
-45.15	-0.0004
-45.1	-0.00041
-45.05	-0.00041
-45.0	-0.00042
-44.95	-0.00042
-44.9	-0.00043
-44.85	-0.00043
-44.8	-0.00044
-44.75	-0.00044
-44.7	-0.00045
-44.65	-0.00045
-44.6	-0.00046
-44.55	-0.00046
-44.5	-0.00046
-44.45	-0.00046
-44.4	-0.00046
-44.35	-0.00046
-44.3	-0.00045
-44.25	-0.00045
-44.2	-0.00044
-44.15	-0.00044
-44.1	-0.00043
-44.05	-0.00043
-44.0	-0.00042
-43.95	-0.00042
-43.9	-0.00041
-43.85	-0.00041
-43.8	-0.0004
-43.75	-0.0004
-43.7	-0.0004
-43.65	-0.00039
-43.6	-0.00039
-43.55	-0.00039
-43.5	-0.00039
-43.45	-0.00039
-43.4	-0.00038
-43.35	-0.00038
-43.3	-0.00038
-43.25	-0.00038
-43.2	-0.00037
-43.15	-0.00037
-43.1	-0.00037
-43.05	-0.00036
-43.0	-0.00036
-42.95	-0.00036
-42.9	-0.00036
-42.85	-0.00035
-42.8	-0.00036
-42.75	-0.00036
-42.7	-0.00036
-42.65	-0.00037
-42.6	-0.00038
-42.55	-0.00038
-42.5	-0.00039
-42.45	-0.0004
-42.4	-0.00041
-42.35	-0.00043
-42.3	-0.00044
-42.25	-0.00044
-42.2	-0.00045
-42.15	-0.00046
-42.1	-0.00046
-42.05	-0.00046
-42.0	-0.00046
-41.95	-0.00046
-41.9	-0.00045
-41.85	-0.00044
-41.8	-0.00043
-41.75	-0.00043
-41.7	-0.00042
-41.65	-0.00041
-41.6	-0.0004
-41.55	-0.00039
-41.5	-0.00038
-41.45	-0.00037
-41.4	-0.00036
-41.35	-0.00035
-41.3	-0.00035
-41.25	-0.00034
-41.2	-0.00033
-41.15	-0.00033
-41.1	-0.00033
-41.05	-0.00032
-41.0	-0.00032
-40.95	-0.00032
-40.9	-0.00032
-40.85	-0.00031
-40.8	-0.00031
-40.75	-0.00031
-40.7	-0.0003
-40.65	-0.0003
-40.6	-0.0003
-40.55	-0.00029
-40.5	-0.00029
-40.45	-0.00029
-40.4	-0.00029
-40.35	-0.00029
-40.3	-0.00029
-40.25	-0.00029
-40.2	-0.0003
-40.15	-0.0003
-40.1	-0.00031
-40.05	-0.00032
-40.0	-0.00033
-39.95	-0.00035
-39.9	-0.00036
-39.85	-0.00037
-39.8	-0.00038
-39.75	-0.0004
-39.7	-0.00041
-39.65	-0.00042
-39.6	-0.00042
-39.55	-0.00043
-39.5	-0.00043
-39.45	-0.00043
-39.4	-0.00043
-39.35	-0.00043
-39.3	-0.00042
-39.25	-0.00042
-39.2	-0.00041
-39.15	-0.0004
-39.1	-0.00039
-39.05	-0.00037
-39.0	-0.00036
-38.95	-0.00035
-38.9	-0.00033
-38.85	-0.00031
-38.8	-0.00029
-38.75	-0.00028
-38.7	-0.00026
-38.65	-0.00024
-38.6	-0.00023
-38.55	-0.00021
-38.5	-0.00021
-38.45	-0.0002
-38.4	-0.0002
-38.35	-0.0002
-38.3	-0.00021
-38.25	-0.00021
-38.2	-0.00022
-38.15	-0.00023
-38.1	-0.00024
-38.05	-0.00024
-38.0	-0.00025
-37.95	-0.00025
-37.9	-0.00026
-37.85	-0.00026
-37.8	-0.00026
-37.75	-0.00026
-37.7	-0.00027
-37.65	-0.00027
-37.6	-0.00028
-37.55	-0.00028
-37.5	-0.00029
-37.45	-0.00031
-37.4	-0.00032
-37.35	-0.00033
-37.3	-0.00035
-37.25	-0.00037
-37.2	-0.00039
-37.15	-0.00041
-37.1	-0.00043
-37.05	-0.00044
-37.0	-0.00046
-36.95	-0.00047
-36.9	-0.00047
-36.85	-0.00047
-36.8	-0.00047
-36.75	-0.00045
-36.7	-0.00044
-36.65	-0.00042
-36.6	-0.00039
-36.55	-0.00036
-36.5	-0.00034
-36.45	-0.00031
-36.4	-0.00028
-36.35	-0.00026
-36.3	-0.00024
-36.25	-0.00022
-36.2	-0.0002
-36.15	-0.00019
-36.1	-0.00019
-36.05	-0.00019
-36.0	-0.00019
-35.95	-0.0002
-35.9	-0.00021
-35.85	-0.00022
-35.8	-0.00023
-35.75	-0.00024
-35.7	-0.00025
-35.65	-0.00026
-35.6	-0.00026
-35.55	-0.00026
-35.5	-0.00026
-35.45	-0.00026
-35.4	-0.00026
-35.35	-0.00026
-35.3	-0.00026
-35.25	-0.00026
-35.2	-0.00026
-35.15	-0.00027
-35.1	-0.00028
-35.05	-0.00029
-35.0	-0.0003
-34.95	-0.00032
-34.9	-0.00034
-34.85	-0.00035
-34.8	-0.00037
-34.75	-0.00039
-34.7	-0.0004
-34.65	-0.00041
-34.6	-0.00042
-34.55	-0.00043
-34.5	-0.00043
-34.45	-0.00042
-34.4	-0.00042
-34.35	-0.00041
-34.3	-0.0004
-34.25	-0.00038
-34.2	-0.00037
-34.15	-0.00035
-34.1	-0.00032
-34.05	-0.0003
-34.0	-0.00027
-33.95	-0.00024
-33.9	-0.00021
-33.85	-0.00017
-33.8	-0.00013
-33.75	-9.0e-5
-33.7	-6.0e-5
-33.65	-2.0e-5
-33.6	0.0
-33.55	3.0e-5
-33.5	4.0e-5
-33.45	5.0e-5
-33.4	5.0e-5
-33.35	4.0e-5
-33.3	2.0e-5
-33.25	-1.0e-5
-33.2	-4.0e-5
-33.15	-8.0e-5
-33.1	-0.00013
-33.05	-0.00018
-33.0	-0.00023
-32.95	-0.00028
-32.9	-0.00034
-32.85	-0.0004
-32.8	-0.00045
-32.75	-0.00051
-32.7	-0.00056
-32.65	-0.00061
-32.6	-0.00065
-32.55	-0.00068
-32.5	-0.0007
-32.45	-0.00071
-32.4	-0.00071
-32.35	-0.0007
-32.3	-0.00068
-32.25	-0.00066
-32.2	-0.00064
-32.15	-0.00063
-32.1	-0.00061
-32.05	-0.0006
-32.0	-0.00059
-31.95	-0.00059
-31.9	-0.00059
-31.85	-0.00058
-31.8	-0.00058
-31.75	-0.00057
-31.7	-0.00056
-31.65	-0.00054
-31.6	-0.00052
-31.55	-0.00048
-31.5	-0.00044
-31.45	-0.00039
-31.4	-0.00032
-31.35	-0.00025
-31.3	-0.00017
-31.25	-8.0e-5
-31.2	1.0e-5
-31.15	9.0e-5
-31.1	0.00018
-31.05	0.00025
-31.0	0.00031
-30.95	0.00035
-30.9	0.00037
-30.85	0.00037
-30.8	0.00035
-30.75	0.00031
-30.7	0.00026
-30.65	0.0002
-30.6	0.00014
-30.55	8.0e-5
-30.5	3.0e-5
-30.45	-1.0e-5
-30.4	-5.0e-5
-30.35	-7.0e-5
-30.3	-9.0e-5
-30.25	-0.0001
-30.2	-0.00011
-30.15	-0.00012
-30.1	-0.00013
-30.05	-0.00014
-30.0	-0.00015
-29.95	-0.00017
-29.9	-0.00019
-29.85	-0.00021
-29.8	-0.00024
-29.75	-0.00027
-29.7	-0.0003
-29.65	-0.00033
-29.6	-0.00036
-29.55	-0.00039
-29.5	-0.00041
-29.45	-0.00043
-29.4	-0.00044
-29.35	-0.00045
-29.3	-0.00044
-29.25	-0.00042
-29.2	-0.0004
-29.15	-0.00037
-29.1	-0.00033
-29.05	-0.00029
-29.0	-0.00025
-28.95	-0.00021
-28.9	-0.00017
-28.85	-0.00014
-28.8	-0.00011
-28.75	-8.0e-5
-28.7	-5.0e-5
-28.65	-3.0e-5
-28.6	-1.0e-5
-28.55	1.0e-5
-28.5	2.0e-5
-28.45	3.0e-5
-28.4	4.0e-5
-28.35	5.0e-5
-28.3	5.0e-5
-28.25	5.0e-5
-28.2	4.0e-5
-28.15	2.0e-5
-28.1	-2.0e-5
-28.05	-6.0e-5
-28.0	-0.00012
-27.95	-0.0002
-27.9	-0.00029
-27.85	-0.00039
-27.8	-0.0005
-27.75	-0.00062
-27.7	-0.00073
-27.65	-0.00084
-27.6	-0.00094
-27.55	-0.00103
-27.5	-0.00109
-27.45	-0.00112
-27.4	-0.00113
-27.35	-0.00111
-27.3	-0.00106
-27.25	-0.00099
-27.2	-0.00091
-27.15	-0.00082
-27.1	-0.00073
-27.05	-0.00065
-27.0	-0.00057
-26.95	-0.0005
-26.9	-0.00045
-26.85	-0.00041
-26.8	-0.00039
-26.75	-0.00037
-26.7	-0.00035
-26.65	-0.00034
-26.6	-0.00032
-26.55	-0.0003
-26.5	-0.00028
-26.45	-0.00024
-26.4	-0.0002
-26.35	-0.00014
-26.3	-8.0e-5
-26.25	-1.0e-5
-26.2	6.0e-5
-26.15	0.00014
-26.1	0.00023
-26.05	0.0003
-26.0	0.00037
-25.95	0.00043
-25.9	0.00047
-25.85	0.00048
-25.8	0.00047
-25.75	0.00043
-25.7	0.00036
-25.65	0.00026
-25.6	0.00014
-25.55	-2.0e-5
-25.5	-0.00021
-25.45	-0.00042
-25.4	-0.00066
-25.35	-0.00091
-25.3	-0.00119
-25.25	-0.00147
-25.2	-0.00175
-25.15	-0.00202
-25.1	-0.00225
-25.05	-0.00244
-25.0	-0.00258
-24.95	-0.00265
-24.9	-0.00265
-24.85	-0.00258
-24.8	-0.00244
-24.75	-0.00227
-24.7	-0.00206
-24.65	-0.00183
-24.6	-0.00161
-24.55	-0.0014
-24.5	-0.00122
-24.45	-0.00107
-24.4	-0.00096
-24.35	-0.00088
-24.3	-0.00082
-24.25	-0.00079
-24.2	-0.00077
-24.15	-0.00076
-24.1	-0.00075
-24.05	-0.00073
-24.0	-0.0007
-23.95	-0.00064
-23.9	-0.00057
-23.85	-0.00047
-23.8	-0.00035
-23.75	-0.00022
-23.7	-7.0e-5
-23.65	7.0e-5
-23.6	0.00021
-23.55	0.00034
-23.5	0.00045
-23.45	0.00052
-23.4	0.00056
-23.35	0.00055
-23.3	0.00051
-23.25	0.00044
-23.2	0.00033
-23.15	0.00021
-23.1	8.0e-5
-23.05	-4.0e-5
-23.0	-0.00016
-22.95	-0.00026
-22.9	-0.00035
-22.85	-0.00044
-22.8	-0.00053
-22.75	-0.00063
-22.7	-0.00077
-22.65	-0.00093
-22.6	-0.00115
-22.55	-0.0014
-22.5	-0.00169
-22.45	-0.00201
-22.4	-0.00232
-22.35	-0.00261
-22.3	-0.00285
-22.25	-0.00302
-22.2	-0.00309
-22.15	-0.00307
-22.1	-0.00296
-22.05	-0.00276
-22.0	-0.0025
-21.95	-0.0022
-21.9	-0.00188
-21.85	-0.00158
-21.8	-0.0013
-21.75	-0.00106
-21.7	-0.00087
-21.65	-0.00073
-21.6	-0.00062
-21.55	-0.00055
-21.5	-0.00049
-21.45	-0.00046
-21.4	-0.00043
-21.35	-0.0004
-21.3	-0.00038
-21.25	-0.00037
-21.2	-0.00035
-21.15	-0.00032
-21.1	-0.0003
-21.05	-0.00026
-21.0	-0.00021
-20.95	-0.00014
-20.9	-6.0e-5
-20.85	3.0e-5
-20.8	0.00013
-20.75	0.00022
-20.7	0.00031
-20.65	0.00036
-20.6	0.00039
-20.55	0.00037
-20.5	0.0003
-20.45	0.00018
-20.4	2.0e-5
-20.35	-0.0002
-20.3	-0.00045
-20.25	-0.00073
-20.2	-0.00102
-20.15	-0.00132
-20.1	-0.00161
-20.05	-0.00186
-20.0	-0.00208
-19.95	-0.00224
-19.9	-0.00233
-19.85	-0.00235
-19.8	-0.0023
-19.75	-0.00217
-19.7	-0.00197
-19.65	-0.00173
-19.6	-0.00146
-19.55	-0.00118
-19.5	-0.0009
-19.45	-0.00065
-19.4	-0.00043
-19.35	-0.00026
-19.3	-0.00012
-19.25	-3.0e-5
-19.2	3.0e-5
-19.15	6.0e-5
-19.1	6.0e-5
-19.05	6.0e-5
-19.0	4.0e-5
-18.95	2.0e-5
-18.9	-0.0
-18.85	-2.0e-5
-18.8	-4.0e-5
-18.75	-5.0e-5
-18.7	-6.0e-5
-18.65	-6.0e-5
-18.6	-6.0e-5
-18.55	-6.0e-5
-18.5	-7.0e-5
-18.45	-8.0e-5
-18.4	-0.00011
-18.35	-0.00015
-18.3	-0.00022
-18.25	-0.00032
-18.2	-0.00045
-18.15	-0.00061
-18.1	-0.00082
-18.05	-0.00105
-18.0	-0.00132
-17.95	-0.00162
-17.9	-0.00193
-17.85	-0.00224
-17.8	-0.00256
-17.75	-0.00286
-17.7	-0.00314
-17.65	-0.00336
-17.6	-0.00353
-17.55	-0.00361
-17.5	-0.00359
-17.45	-0.00346
-17.4	-0.00321
-17.35	-0.00284
-17.3	-0.00238
-17.25	-0.00184
-17.2	-0.00125
-17.15	-0.00064
-17.1	-4.0e-5
-17.05	0.00056
-17.0	0.00116
-16.95	0.00181
-16.9	0.00254
-16.85	0.00344
-16.8	0.00459
-16.75	0.00604
-16.7	0.00784
-16.65	0.01002
-16.6	0.01253
-16.55	0.0153
-16.5	0.01817
-16.45	0.02098
-16.4	0.0235
-16.35	0.02553
-16.3	0.02688
-16.25	0.02743
-16.2	0.0271
-16.15	0.02594
-16.1	0.02404
-16.05	0.02156
-16.0	0.01871
-15.95	0.01572
-15.9	0.01277
-15.85	0.01005
-15.8	0.00766
-15.75	0.00567
-15.7	0.00409
-15.65	0.0029
-15.6	0.00204
-15.55	0.00147
-15.5	0.00111
-15.45	0.00091
-15.4	0.0008
-15.35	0.00076
-15.3	0.00072
-15.25	0.00067
-15.2	0.00056
-15.15	0.00035
-15.1	2.0e-5
-15.05	-0.00045
-15.0	-0.00109
-14.95	-0.00188
-14.9	-0.0028
-14.85	-0.00379
-14.8	-0.00479
-14.75	-0.00571
-14.7	-0.00649
-14.65	-0.00705
-14.6	-0.00734
-14.55	-0.00735
-14.5	-0.00709
-14.45	-0.00661
-14.4	-0.00597
-14.35	-0.00526
-14.3	-0.00454
-14.25	-0.00389
-14.2	-0.00334
-14.15	-0.00293
-14.1	-0.00265
-14.05	-0.00248
-14.0	-0.00241
-13.95	-0.0024
-13.9	-0.00243
-13.85	-0.00246
-13.8	-0.00249
-13.75	-0.00251
-13.7	-0.00253
-13.65	-0.00254
-13.6	-0.00255
-13.55	-0.00256
-13.5	-0.00256
-13.45	-0.00255
-13.4	-0.00252
-13.35	-0.00247
-13.3	-0.00238
-13.25	-0.00226
-13.2	-0.00211
-13.15	-0.00193
-13.1	-0.00174
-13.05	-0.00155
-13.0	-0.00138
-12.95	-0.00124
-12.9	-0.00115
-12.85	-0.0011
-12.8	-0.00109
-12.75	-0.00111
-12.7	-0.00116
-12.65	-0.0012
-12.6	-0.00122
-12.55	-0.00119
-12.5	-0.00107
-12.45	-0.00085
-12.4	-0.00051
-12.35	-2.0e-5
-12.3	0.00061
-12.25	0.00138
-12.2	0.00228
-12.15	0.00324
-12.1	0.00424
-12.05	0.00519
-12.0	0.00602
-11.95	0.00666
-11.9	0.00704
-11.85	0.00709
-11.8	0.00679
-11.75	0.00611
-11.7	0.00507
-11.65	0.0037
-11.6	0.00205
-11.55	0.00017
-11.5	-0.00185
-11.45	-0.00392
-11.4	-0.00597
-11.35	-0.00788
-11.3	-0.00958
-11.25	-0.01098
-11.2	-0.01202
-11.15	-0.01264
-11.1	-0.01284
-11.05	-0.01263
-11.0	-0.01208
-10.95	-0.01124
-10.9	-0.0102
-10.85	-0.00906
-10.8	-0.00789
-10.75	-0.00678
-10.7	-0.00577
-10.65	-0.00491
-10.6	-0.00419
-10.55	-0.00364
-10.5	-0.00324
-10.45	-0.00296
-10.4	-0.00281
-10.35	-0.00275
-10.3	-0.00276
-10.25	-0.00282
-10.2	-0.00293
-10.15	-0.00307
-10.1	-0.00323
-10.05	-0.00342
-10.0	-0.00362
-9.95	-0.00384
-9.9	-0.00407
-9.85	-0.00429
-9.8	-0.00449
-9.75	-0.00464
-9.7	-0.00472
-9.65	-0.00469
-9.6	-0.00452
-9.55	-0.00416
-9.5	-0.00356
-9.45	-0.00264
-9.4	-0.00133
-9.35	0.00048
-9.3	0.00291
-9.25	0.00609
-9.2	0.01015
-9.15	0.01517
-9.1	0.02117
-9.05	0.0281
-9.0	0.03576
-8.95	0.04385
-8.9	0.05194
-8.85	0.0595
-8.8	0.06597
-8.75	0.07081
-8.7	0.0736
-8.65	0.07407
-8.6	0.07215
-8.55	0.06802
-8.5	0.06204
-8.45	0.0547
-8.4	0.0466
-8.35	0.03832
-8.3	0.03038
-8.25	0.02318
-8.2	0.01699
-8.15	0.01193
-8.1	0.00803
-8.05	0.00518
-8.0	0.00326
-7.95	0.00211
-7.9	0.00156
-7.85	0.00148
-7.8	0.00175
-7.75	0.00228
-7.7	0.00298
-7.65	0.00378
-7.6	0.00462
-7.55	0.00542
-7.5	0.00612
-7.45	0.00664
-7.4	0.00694
-7.35	0.00696
-7.3	0.00669
-7.25	0.00614
-7.2	0.00535
-7.15	0.00439
-7.1	0.00334
-7.05	0.0023
-7.0	0.00137
-6.95	0.0006
-6.9	5.0e-5
-6.85	-0.00027
-6.8	-0.00041
-6.75	-0.00042
-6.7	-0.00042
-6.65	-0.00054
-6.6	-0.00095
-6.55	-0.00181
-6.5	-0.00327
-6.45	-0.00548
-6.4	-0.00853
-6.35	-0.01244
-6.3	-0.01718
-6.25	-0.0226
-6.2	-0.02848
-6.15	-0.03452
-6.1	-0.04033
-6.05	-0.04551
-6.0	-0.04971
-5.95	-0.05259
-5.9	-0.05395
-5.85	-0.05373
-5.8	-0.052
-5.75	-0.04895
-5.7	-0.04487
-5.65	-0.04011
-5.6	-0.03503
-5.55	-0.02997
-5.5	-0.0252
-5.45	-0.0209
-5.4	-0.0172
-5.35	-0.01413
-5.3	-0.01168
-5.25	-0.00977
-5.2	-0.00831
-5.15	-0.0072
-5.1	-0.00631
-5.05	-0.00556
-5.0	-0.00487
-4.95	-0.00418
-4.9	-0.00348
-4.85	-0.00276
-4.8	-0.00205
-4.75	-0.00138
-4.7	-0.00077
-4.65	-0.00025
-4.6	0.00015
-4.55	0.00043
-4.5	0.0006
-4.45	0.00068
-4.4	0.00069
-4.35	0.00066
-4.3	0.00061
-4.25	0.00055
-4.2	0.00051
-4.15	0.00049
-4.1	0.00048
-4.05	0.00048
-4.0	0.00049
-3.95	0.00049
-3.9	0.00046
-3.85	0.00039
-3.8	0.00027
-3.75	6.0e-5
-3.7	-0.00023
-3.65	-0.00063
-3.6	-0.00114
-3.55	-0.00175
-3.5	-0.00246
-3.45	-0.00324
-3.4	-0.00404
-3.35	-0.00482
-3.3	-0.00552
-3.25	-0.0061
-3.2	-0.00652
-3.15	-0.00674
-3.1	-0.00678
-3.05	-0.00664
-3.0	-0.00637
-2.95	-0.00601
-2.9	-0.00563
-2.85	-0.00526
-2.8	-0.00496
-2.75	-0.00475
-2.7	-0.00464
-2.65	-0.00462
-2.6	-0.00466
-2.55	-0.00474
-2.5	-0.00481
-2.45	-0.00484
-2.4	-0.00481
-2.35	-0.0047
-2.3	-0.00452
-2.25	-0.00428
-2.2	-0.00399
-2.15	-0.00367
-2.1	-0.00334
-2.05	-0.00303
-2.0	-0.00273
-1.95	-0.00244
-1.9	-0.00217
-1.85	-0.0019
-1.8	-0.00159
-1.75	-0.00121
-1.7	-0.00071
-1.65	-4.0e-5
-1.6	0.00088
-1.55	0.0021
-1.5	0.00371
-1.45	0.00576
-1.4	0.00826
-1.35	0.01122
-1.3	0.01454
-1.25	0.01811
-1.2	0.02171
-1.15	0.02509
-1.1	0.02796
-1.05	0.03006
-1.0	0.03115
-0.95	0.03106
-0.9	0.02976
-0.85	0.02731
-0.8	0.02389
-0.75	0.01978
-0.7	0.0153
-0.65	0.01078
-0.6	0.00651
-0.55	0.00272
-0.5	-0.00043
-0.45	-0.00287
-0.4	-0.00461
-0.35	-0.00568
-0.3	-0.00615
-0.25	-0.00606
-0.2	-0.00543
-0.15	-0.00427
-0.1	-0.00254
-0.05	-0.00022
-0.0	0.0027
0.05	0.00618
0.1	0.01012
0.15	0.01434
0.2	0.01861
0.25	0.02265
0.3	0.02615
0.35	0.02884
0.4	0.03052
0.45	0.03107
0.5	0.03049
0.55	0.02888
0.6	0.02642
0.65	0.02337
0.7	0.01999
0.75	0.01656
0.8	0.01331
0.85	0.0104
0.9	0.00794
0.95	0.00599
1.0	0.00454
1.05	0.00356
1.1	0.00298
1.15	0.00272
1.2	0.0027
1.25	0.00282
1.3	0.00302
1.35	0.00323
1.4	0.00339
1.45	0.00347
1.5	0.00343
1.55	0.00327
1.6	0.00299
1.65	0.00262
1.7	0.00217
1.75	0.00169
1.8	0.0012
1.85	0.00074
1.9	0.00036
1.95	0.0001
2.0	2.0e-5
2.05	0.00018
2.1	0.00065
2.15	0.00151
2.2	0.00285
2.25	0.00475
2.3	0.00726
2.35	0.01041
2.4	0.01417
2.45	0.01845
2.5	0.02308
2.55	0.02783
2.6	0.03238
2.65	0.03642
2.7	0.03963
2.75	0.04174
2.8	0.04258
2.85	0.04206
2.9	0.04025
2.95	0.03732
3.0	0.03353
3.05	0.02919
3.1	0.02463
3.15	0.02016
3.2	0.01601
3.25	0.01237
3.3	0.00934
3.35	0.00695
3.4	0.00516
3.45	0.00392
3.5	0.00314
3.55	0.0027
3.6	0.00252
3.65	0.0025
3.7	0.00255
3.75	0.00261
3.8	0.00264
3.85	0.0026
3.9	0.00247
3.95	0.00226
4.0	0.00198
4.05	0.00163
4.1	0.00126
4.15	0.00088
4.2	0.00053
4.25	0.00023
4.3	4.0e-5
4.35	-2.0e-5
4.4	0.00011
4.45	0.00049
4.5	0.00118
4.55	0.00225
4.6	0.00377
4.65	0.0058
4.7	0.00836
4.75	0.01143
4.8	0.01495
4.85	0.0188
4.9	0.02277
4.95	0.02663
5.0	0.03011
5.05	0.03294
5.1	0.0349
5.15	0.03581
5.2	0.03562
5.25	0.03434
5.3	0.03211
5.35	0.02913
5.4	0.02566
5.45	0.02196
5.5	0.01828
5.55	0.01483
5.6	0.01177
5.65	0.00918
5.7	0.00709
5.75	0.00549
5.8	0.00431
5.85	0.0035
5.9	0.00297
5.95	0.00266
6.0	0.0025
6.05	0.00243
6.1	0.00243
6.15	0.00246
6.2	0.00249
6.25	0.00253
6.3	0.00256
6.35	0.00259
6.4	0.00261
6.45	0.00263
6.5	0.00265
6.55	0.00268
6.6	0.00271
6.65	0.00276
6.7	0.00281
6.75	0.00287
6.8	0.00294
6.85	0.00301
6.9	0.00308
6.95	0.00315
7.0	0.00322
7.05	0.00329
7.1	0.00335
7.15	0.00341
7.2	0.00348
7.25	0.00353
7.3	0.00359
7.35	0.00364
7.4	0.00369
7.45	0.00374
7.5	0.00378
7.55	0.00381
7.6	0.00384
7.65	0.00386
7.7	0.00387
7.75	0.00387
7.8	0.00386
7.85	0.00384
7.9	0.0038
7.95	0.00376
8.0	0.0037
8.05	0.00364
8.1	0.00356
8.15	0.00349
8.2	0.00342
8.25	0.00335
8.3	0.00328
8.35	0.00323
8.4	0.00318
8.45	0.00313
8.5	0.0031
8.55	0.00307
8.6	0.00305
8.65	0.00303
8.7	0.00302
8.75	0.00301
8.8	0.00301
8.85	0.00301
8.9	0.00301
8.95	0.00302
9.0	0.00304
9.05	0.00305
9.1	0.00307
9.15	0.00309
9.2	0.00311
9.25	0.00312
9.3	0.00313
9.35	0.00315
9.4	0.00315
9.45	0.00316
9.5	0.00317
9.55	0.00318
9.6	0.00318
9.65	0.0032
9.7	0.00321
9.75	0.00323
9.8	0.00325
9.85	0.00327
9.9	0.0033
9.95	0.00332
10.0	0.00335
10.05	0.00337
10.1	0.0034
10.15	0.00341
10.2	0.00343
10.25	0.00343
10.3	0.00343
10.35	0.00343
10.4	0.00341
10.45	0.0034
10.5	0.00338
10.55	0.00335
10.6	0.00333
10.65	0.0033
10.7	0.00327
10.75	0.00324
10.8	0.00321
10.85	0.00317
10.9	0.00312
10.95	0.00306
11.0	0.00299
11.05	0.0029
11.1	0.00279
11.15	0.00267
11.2	0.00252
11.25	0.00236
11.3	0.00217
11.35	0.00198
11.4	0.00178
11.45	0.00157
11.5	0.00136
11.55	0.00117
11.6	0.00099
11.65	0.00082
11.7	0.00068
11.75	0.00055
11.8	0.00046
11.85	0.00038
11.9	0.00032
11.95	0.00028
12.0	0.00025
12.05	0.00023
12.1	0.00023
12.15	0.00022
12.2	0.00022
12.25	0.00022
12.3	0.00022
12.35	0.00022
12.4	0.00022
12.45	0.00021
12.5	0.0002
12.55	0.0002
12.6	0.00018
12.65	0.00017
12.7	0.00015
12.75	0.00013
12.8	0.00012
12.85	0.0001
12.9	8.0e-5
12.95	6.0e-5
13.0	4.0e-5
13.05	2.0e-5
13.1	1.0e-5
13.15	-1.0e-5
13.2	-2.0e-5
13.25	-3.0e-5
13.3	-4.0e-5
13.35	-4.0e-5
13.4	-5.0e-5
13.45	-6.0e-5
13.5	-6.0e-5
13.55	-7.0e-5
13.6	-7.0e-5
13.65	-7.0e-5
13.7	-7.0e-5
13.75	-7.0e-5
13.8	-7.0e-5
13.85	-7.0e-5
13.9	-7.0e-5
13.95	-7.0e-5
14.0	-6.0e-5
14.05	-6.0e-5
14.1	-5.0e-5
14.15	-4.0e-5
14.2	-4.0e-5
14.25	-3.0e-5
14.3	-2.0e-5
14.35	-2.0e-5
14.4	-1.0e-5
14.45	-0.0
14.5	0.0
14.55	1.0e-5
14.6	1.0e-5
14.65	1.0e-5
14.7	2.0e-5
14.75	2.0e-5
14.8	2.0e-5
14.85	3.0e-5
14.9	3.0e-5
14.95	3.0e-5
15.0	3.0e-5
15.05	4.0e-5
15.1	4.0e-5
15.15	4.0e-5
15.2	5.0e-5
15.25	5.0e-5
15.3	5.0e-5
15.35	6.0e-5
15.4	6.0e-5
15.45	7.0e-5
15.5	7.0e-5
15.55	8.0e-5
15.6	8.0e-5
15.65	9.0e-5
15.7	9.0e-5
15.75	0.0001
15.8	0.00011
15.85	0.00012
15.9	0.00013
15.95	0.00014
16.0	0.00015
16.05	0.00016
16.1	0.00017
16.15	0.00018
16.2	0.00019
16.25	0.00021
16.3	0.00022
16.35	0.00024
16.4	0.00025
16.45	0.00027
16.5	0.00029
16.55	0.00031
16.6	0.00033
16.65	0.00036
16.7	0.00038
16.75	0.0004
16.8	0.00042
16.85	0.00045
16.9	0.00047
16.95	0.0005
17.0	0.00052
17.05	0.00055
17.1	0.00058
17.15	0.00062
17.2	0.00065
17.25	0.00068
17.3	0.00071
17.35	0.00074
17.4	0.00076
17.45	0.00078
17.5	0.00079
17.55	0.0008
17.6	0.0008
17.65	0.0008
17.7	0.00079
17.75	0.00078
17.8	0.00077
17.85	0.00076
17.9	0.00075
17.95	0.00073
18.0	0.00072
18.05	0.00072
18.1	0.00071
18.15	0.0007
18.2	0.0007
18.25	0.00069
18.3	0.00069
18.35	0.00069
18.4	0.00068
18.45	0.00068
18.5	0.00068
18.55	0.00067
18.6	0.00067
18.65	0.00066
18.7	0.00066
18.75	0.00066
18.8	0.00065
18.85	0.00065
18.9	0.00065
18.95	0.00065
19.0	0.00065
19.05	0.00065
19.1	0.00066
19.15	0.00066
19.2	0.00067
19.25	0.00068
19.3	0.00069
19.35	0.0007
19.4	0.00072
19.45	0.00073
19.5	0.00074
19.55	0.00075
19.6	0.00076
19.65	0.00077
19.7	0.00078
19.75	0.00078
19.8	0.00079
19.85	0.00079
19.9	0.00079
19.95	0.0008
20.0	0.0008
20.05	0.0008
20.1	0.00081
20.15	0.00082
20.2	0.00082
20.25	0.00083
20.3	0.00084
20.35	0.00085
20.4	0.00086
20.45	0.00087
20.5	0.00089
20.55	0.0009
20.6	0.00091
20.65	0.00092
20.7	0.00092
20.75	0.00093
20.8	0.00094
20.85	0.00095
20.9	0.00096
20.95	0.00096
21.0	0.00097
21.05	0.00098
21.1	0.00098
21.15	0.00099
21.2	0.001
21.25	0.001
21.3	0.00101
21.35	0.00101
21.4	0.00102
21.45	0.00102
21.5	0.00102
21.55	0.00103
21.6	0.00103
21.65	0.00103
21.7	0.00104
21.75	0.00104
21.8	0.00104
21.85	0.00104
21.9	0.00104
21.95	0.00103
22.0	0.00103
22.05	0.00102
22.1	0.00101
22.15	0.001
22.2	0.00098
22.25	0.00097
22.3	0.00095
22.35	0.00093
22.4	0.00091
22.45	0.00089
22.5	0.00087
22.55	0.00084
22.6	0.00081
22.65	0.00078
22.7	0.00075
22.75	0.00072
22.8	0.00068
22.85	0.00064
22.9	0.0006
22.95	0.00056
23.0	0.00052
23.05	0.00049
23.1	0.00045
23.15	0.00042
23.2	0.0004
23.25	0.00037
23.3	0.00036
23.35	0.00035
23.4	0.00034
23.45	0.00033
23.5	0.00033
23.55	0.00033
23.6	0.00034
23.65	0.00034
23.7	0.00035
23.75	0.00035
23.8	0.00036
23.85	0.00036
23.9	0.00037
23.95	0.00037
24.0	0.00038
24.05	0.00038
24.1	0.00038
24.15	0.00038
24.2	0.00038
24.25	0.00039
24.3	0.00039
24.35	0.00039
24.4	0.00039
24.45	0.00039
24.5	0.00038
24.55	0.00038
24.6	0.00038
24.65	0.00038
24.7	0.00037
24.75	0.00037
24.8	0.00037
24.85	0.00036
24.9	0.00036
24.95	0.00036
25.0	0.00036
25.05	0.00035
25.1	0.00035
25.15	0.00035
25.2	0.00035
25.25	0.00035
25.3	0.00035
25.35	0.00035
25.4	0.00035
25.45	0.00036
25.5	0.00036
25.55	0.00036
25.6	0.00036
25.65	0.00035
25.7	0.00035
25.75	0.00035
25.8	0.00035
25.85	0.00035
25.9	0.00035
25.95	0.00035
26.0	0.00034
26.05	0.00034
26.1	0.00033
26.15	0.00032
26.2	0.00031
26.25	0.0003
26.3	0.00029
26.35	0.00028
26.4	0.00026
26.45	0.00025
26.5	0.00023
26.55	0.00021
26.6	0.0002
26.65	0.00019
26.7	0.00018
26.75	0.00017
26.8	0.00016
26.85	0.00016
26.9	0.00015
26.95	0.00015
27.0	0.00015
27.05	0.00015
27.1	0.00016
27.15	0.00016
27.2	0.00017
27.25	0.00017
27.3	0.00018
27.35	0.00018
27.4	0.00019
27.45	0.00019
27.5	0.00019
27.55	0.0002
27.6	0.0002
27.65	0.0002
27.7	0.0002
27.75	0.0002
27.8	0.00021
27.85	0.00021
27.9	0.00021
27.95	0.00021
28.0	0.00021
28.05	0.00021
28.1	0.00021
28.15	0.0002
28.2	0.0002
28.25	0.0002
28.3	0.0002
28.35	0.0002
28.4	0.0002
28.45	0.0002
28.5	0.0002
28.55	0.00021
28.6	0.00021
28.65	0.00022
28.7	0.00023
28.75	0.00024
28.8	0.00026
28.85	0.00028
28.9	0.0003
28.95	0.00033
29.0	0.00036
29.05	0.00039
29.1	0.00043
29.15	0.00047
29.2	0.00052
29.25	0.00056
29.3	0.00061
29.35	0.00066
29.4	0.00071
29.45	0.00075
29.5	0.00079
29.55	0.00082
29.6	0.00085
29.65	0.00087
29.7	0.00089
29.75	0.0009
29.8	0.00091
29.85	0.00092
29.9	0.00093
29.95	0.00093
30.0	0.00094
30.05	0.00095
30.1	0.00096
30.15	0.00098
30.2	0.001
30.25	0.00103
30.3	0.00106
30.35	0.00109
30.4	0.00113
30.45	0.00117
30.5	0.00122
30.55	0.00126
30.6	0.00131
30.65	0.00135
30.7	0.00139
30.75	0.00143
30.8	0.00147
30.85	0.0015
30.9	0.00153
30.95	0.00155
31.0	0.00157
31.05	0.00159
31.1	0.00161
31.15	0.00163
31.2	0.00164
31.25	0.00165
31.3	0.00166
31.35	0.00167
31.4	0.00168
31.45	0.00169
31.5	0.0017
31.55	0.00171
31.6	0.00172
31.65	0.00173
31.7	0.00174
31.75	0.00174
31.8	0.00175
31.85	0.00174
31.9	0.00174
31.95	0.00172
32.0	0.00171
32.05	0.00168
32.1	0.00165
32.15	0.00161
32.2	0.00158
32.25	0.00154
32.3	0.0015
32.35	0.00146
32.4	0.00143
32.45	0.00141
32.5	0.00138
32.55	0.00137
32.6	0.00135
32.65	0.00134
32.7	0.00133
32.75	0.00132
32.8	0.00131
32.85	0.0013
32.9	0.00129
32.95	0.00128
33.0	0.00126
33.05	0.00125
33.1	0.00124
33.15	0.00122
33.2	0.00121
33.25	0.0012
33.3	0.00118
33.35	0.00117
33.4	0.00116
33.45	0.00115
33.5	0.00113
33.55	0.00112
33.6	0.00112
33.65	0.00111
33.7	0.0011
33.75	0.00109
33.8	0.00108
33.85	0.00108
33.9	0.00107
33.95	0.00107
34.0	0.00107
34.05	0.00106
34.1	0.00106
34.15	0.00106
34.2	0.00105
34.25	0.00104
34.3	0.00103
34.35	0.00102
34.4	0.00099
34.45	0.00097
34.5	0.00093
34.55	0.00089
34.6	0.00083
34.65	0.00077
34.7	0.0007
34.75	0.00063
34.8	0.00055
34.85	0.00046
34.9	0.00038
34.95	0.0003
35.0	0.00022
35.05	0.00015
35.1	8.0e-5
35.15	3.0e-5
35.2	-2.0e-5
35.25	-7.0e-5
35.3	-0.0001
35.35	-0.00013
35.4	-0.00016
35.45	-0.00018
35.5	-0.00019
35.55	-0.00021
35.6	-0.00022
35.65	-0.00023
35.7	-0.00024
35.75	-0.00025
35.8	-0.00026
35.85	-0.00027
35.9	-0.00027
35.95	-0.00028
36.0	-0.00028
36.05	-0.00029
36.1	-0.00029
36.15	-0.00029
36.2	-0.00029
36.25	-0.0003
36.3	-0.0003
36.35	-0.0003
36.4	-0.0003
36.45	-0.0003
36.5	-0.0003
36.55	-0.0003
36.6	-0.00031
36.65	-0.00031
36.7	-0.00031
36.75	-0.00032
36.8	-0.00032
36.85	-0.00033
36.9	-0.00034
36.95	-0.00035
37.0	-0.00036
37.05	-0.00037
37.1	-0.00038
37.15	-0.00038
37.2	-0.00039
37.25	-0.00039
37.3	-0.00038
37.35	-0.00037
37.4	-0.00035
37.45	-0.00033
37.5	-0.00029
37.55	-0.00025
37.6	-0.00021
37.65	-0.00016
37.7	-0.00011
37.75	-6.0e-5
37.8	-1.0e-5
37.85	4.0e-5
37.9	8.0e-5
37.95	0.00011
38.0	0.00014
38.05	0.00016
38.1	0.00018
38.15	0.00019
38.2	0.0002
38.25	0.00021
38.3	0.00021
38.35	0.00022
38.4	0.00022
38.45	0.00023
38.5	0.00023
38.55	0.00024
38.6	0.00024
38.65	0.00024
38.7	0.00025
38.75	0.00025
38.8	0.00025
38.85	0.00026
38.9	0.00026
38.95	0.00026
39.0	0.00026
39.05	0.00027
39.1	0.00028
39.15	0.00029
39.2	0.0003
39.25	0.00032
39.3	0.00034
39.35	0.00036
39.4	0.00039
39.45	0.00042
39.5	0.00045
39.55	0.00048
39.6	0.00052
39.65	0.00055
39.7	0.00057
39.75	0.0006
39.8	0.00062
39.85	0.00064
39.9	0.00066
39.95	0.00067
40.0	0.00069
40.05	0.00071
40.1	0.00072
40.15	0.00075
40.2	0.00079
40.25	0.00083
40.3	0.0009
40.35	0.00099
40.4	0.00112
40.45	0.00127
40.5	0.00146
40.55	0.0017
40.6	0.00197
40.65	0.00228
40.7	0.00263
40.75	0.003
40.8	0.00338
40.85	0.00377
40.9	0.00415
40.95	0.00452
41.0	0.00486
41.05	0.00516
41.1	0.00543
41.15	0.00567
41.2	0.00586
41.25	0.00602
41.3	0.00615
41.35	0.00625
41.4	0.00633
41.45	0.00639
41.5	0.00644
41.55	0.00648
41.6	0.00652
41.65	0.00655
41.7	0.00657
41.75	0.0066
41.8	0.00662
41.85	0.00664
41.9	0.00665
41.95	0.00667
42.0	0.00668
42.05	0.00668
42.1	0.00669
42.15	0.00668
42.2	0.00668
42.25	0.00667
42.3	0.00665
42.35	0.00664
42.4	0.00662
42.45	0.00661
42.5	0.00659
42.55	0.00658
42.6	0.00657
42.65	0.00656
42.7	0.00656
42.75	0.00656
42.8	0.00657
42.85	0.00657
42.9	0.00658
42.95	0.00658
43.0	0.00658
43.05	0.00657
43.1	0.00655
43.15	0.0065
43.2	0.00643
43.25	0.00633
43.3	0.00618
43.35	0.00599
43.4	0.00576
43.45	0.00547
43.5	0.00514
43.55	0.00476
43.6	0.00436
43.65	0.00393
43.7	0.0035
43.75	0.00308
43.8	0.00269
43.85	0.00232
43.9	0.002
43.95	0.00172
44.0	0.00149
44.05	0.00131
44.1	0.00117
44.15	0.00106
44.2	0.00098
44.25	0.00093
44.3	0.00089
44.35	0.00086
44.4	0.00084
44.45	0.00082
44.5	0.0008
44.55	0.00078
44.6	0.00076
44.65	0.00075
44.7	0.00074
44.75	0.00073
44.8	0.00072
44.85	0.00073
44.9	0.00074
44.95	0.00076
45.0	0.00078
45.05	0.00081
45.1	0.00085
45.15	0.00089
45.2	0.00094
45.25	0.00098
45.3	0.00103
45.35	0.00108
45.4	0.00113
45.45	0.00117
45.5	0.00122
45.55	0.00127
45.6	0.00131
45.65	0.00135
45.7	0.00139
45.75	0.00142
45.8	0.00145
45.85	0.00147
45.9	0.00148
45.95	0.00148
46.0	0.00148
46.05	0.00146
46.1	0.00143
46.15	0.00139
46.2	0.00134
46.25	0.00129
46.3	0.00124
46.35	0.00118
46.4	0.00112
46.45	0.00106
46.5	0.00101
46.55	0.00096
46.6	0.00092
46.65	0.00087
46.7	0.00084
46.75	0.0008
46.8	0.00077
46.85	0.00074
46.9	0.00071
46.95	0.00069
47.0	0.00066
47.05	0.00064
47.1	0.00061
47.15	0.00059
47.2	0.00056
47.25	0.00054
47.3	0.00052
47.35	0.00051
47.4	0.0005
47.45	0.00049
47.5	0.00048
47.55	0.00047
47.6	0.00047
47.65	0.00047
47.7	0.00047
47.75	0.00047
47.8	0.00046
47.85	0.00046
47.9	0.00046
47.95	0.00045
48.0	0.00045
48.05	0.00044
48.1	0.00043
48.15	0.00042
48.2	0.00042
48.25	0.00041
48.3	0.0004
48.35	0.00039
48.4	0.00038
48.45	0.00037
48.5	0.00036
48.55	0.00036
48.6	0.00035
48.65	0.00034
48.7	0.00034
48.75	0.00033
48.8	0.00032
48.85	0.00032
48.9	0.00031
48.95	0.0003
49.0	0.0003
49.05	0.0003
49.1	0.0003
49.15	0.00029
49.2	0.00029
49.25	0.0003
49.3	0.0003
49.35	0.0003
49.4	0.00031
49.45	0.00031
49.5	0.00031
49.55	0.00032
49.6	0.00033
49.65	0.00033
49.7	0.00034
49.75	0.00034
49.8	0.00035
49.85	0.00036
49.9	0.00036
49.95	0.00037
50.0	0.00037
50.05	0.00037
50.1	0.00038
50.15	0.00038
50.2	0.00038
50.25	0.00038
50.3	0.00038
50.35	0.00038
50.4	0.00037
50.45	0.00037
50.5	0.00036
50.55	0.00035
50.6	0.00034
50.65	0.00033
50.7	0.00032
50.75	0.0003
50.8	0.00029
50.85	0.00028
50.9	0.00026
50.95	0.00025
51.0	0.00024
51.05	0.00024
51.1	0.00024
51.15	0.00025
51.2	0.00027
51.25	0.00029
51.3	0.00032
51.35	0.00035
51.4	0.00039
51.45	0.00042
51.5	0.00046
51.55	0.0005
51.6	0.00053
51.65	0.00056
51.7	0.00059
51.75	0.00061
51.8	0.00063
51.85	0.00065
51.9	0.00067
51.95	0.00068
52.0	0.00069
52.05	0.0007
52.1	0.00071
52.15	0.00072
52.2	0.00072
52.25	0.00073
52.3	0.00073
52.35	0.00073
52.4	0.00074
52.45	0.00075
52.5	0.00075
52.55	0.00077
52.6	0.00078
52.65	0.0008
52.7	0.00082
52.75	0.00085
52.8	0.00088
52.85	0.00091
52.9	0.00094
52.95	0.00098
53.0	0.00101
53.05	0.00103
53.1	0.00106
53.15	0.00108
53.2	0.0011
53.25	0.00111
53.3	0.00113
53.35	0.00114
53.4	0.00116
53.45	0.00118
53.5	0.0012
53.55	0.00122
53.6	0.00125
53.65	0.00128
53.7	0.00132
53.75	0.00136
53.8	0.00141
53.85	0.00146
53.9	0.00153
53.95	0.00159
54.0	0.00167
54.05	0.00175
54.1	0.00183
54.15	0.00191
54.2	0.002
54.25	0.00208
54.3	0.00216
54.35	0.00224
54.4	0.00232
54.45	0.00238
54.5	0.00244
54.55	0.00248
54.6	0.00252
54.65	0.00255
54.7	0.00257
54.75	0.00259
54.8	0.0026
54.85	0.00261
54.9	0.00261
54.95	0.00261
55.0	0.00262
55.05	0.00262
55.1	0.00263
55.15	0.00263
55.2	0.00264
55.25	0.00265
55.3	0.00265
55.35	0.00267
55.4	0.00268
55.45	0.00269
55.5	0.0027
55.55	0.00271
55.6	0.00273
55.65	0.00274
55.7	0.00275
55.75	0.00275
55.8	0.00276
55.85	0.00276
55.9	0.00276
55.95	0.00275
56.0	0.00274
56.05	0.00272
56.1	0.0027
56.15	0.00268
56.2	0.00265
56.25	0.00262
56.3	0.00259
56.35	0.00256
56.4	0.00253
56.45	0.0025
56.5	0.00248
56.55	0.00246
56.6	0.00244
56.65	0.00243
56.7	0.00242
56.75	0.00242
56.8	0.00242
56.85	0.00243
56.9	0.00244
56.95	0.00245
57.0	0.00246
57.05	0.00247
57.1	0.00248
57.15	0.00248
57.2	0.00249
57.25	0.00248
57.3	0.00248
57.35	0.00247
57.4	0.00246
57.45	0.00244
57.5	0.00242
57.55	0.0024
57.6	0.00238
57.65	0.00236
57.7	0.00234
57.75	0.00233
57.8	0.00231
57.85	0.0023
57.9	0.00229
57.95	0.00228
58.0	0.00227
58.05	0.00226
58.1	0.00225
58.15	0.00223
58.2	0.00222
58.25	0.00219
58.3	0.00216
58.35	0.00212
58.4	0.00207
58.45	0.00201
58.5	0.00193
58.55	0.00184
58.6	0.00174
58.65	0.00163
58.7	0.00151
58.75	0.00138
58.8	0.00125
58.85	0.00113
58.9	0.001
58.95	0.00089
59.0	0.00078
59.05	0.00069
59.1	0.00061
59.15	0.00054
59.2	0.00047
59.25	0.00042
59.3	0.00037
59.35	0.00032
59.4	0.00027
59.45	0.00022
59.5	0.00016
59.55	0.0001
59.6	3.0e-5
59.65	-4.0e-5
59.7	-0.00012
59.75	-0.00021
59.8	-0.0003
59.85	-0.00039
59.9	-0.00048
59.95	-0.00057
60.0	-0.00066
60.05	-0.00073
60.1	-0.0008
60.15	-0.00086
60.2	-0.00092
60.25	-0.00096
60.3	-0.001
60.35	-0.00103
60.4	-0.00105
60.45	-0.00107
60.5	-0.00108
60.55	-0.00109
60.6	-0.0011
60.65	-0.0011
60.7	-0.0011
60.75	-0.0011
60.8	-0.0011
60.85	-0.00109
60.9	-0.00108
60.95	-0.00107
61.0	-0.00106
61.05	-0.00105
61.1	-0.00104
61.15	-0.00103
61.2	-0.00102
61.25	-0.00102
61.3	-0.00101
61.35	-0.001
61.4	-0.00099
61.45	-0.00098
61.5	-0.00096
61.55	-0.00094
61.6	-0.00091
61.65	-0.00087
61.7	-0.00083
61.75	-0.00077
61.8	-0.00071
61.85	-0.00065
61.9	-0.00057
61.95	-0.0005
62.0	-0.00042
62.05	-0.00034
62.1	-0.00026
62.15	-0.00019
62.2	-0.00012
62.25	-5.0e-5
62.3	0.0
62.35	6.0e-5
62.4	0.0001
62.45	0.00014
62.5	0.00017
62.55	0.00019
62.6	0.00021
62.65	0.00023
62.7	0.00024
62.75	0.00025
62.8	0.00025
62.85	0.00026
62.9	0.00027
62.95	0.00027
63.0	0.00029
63.05	0.0003
63.1	0.00032
63.15	0.00034
63.2	0.00038
63.25	0.00042
63.3	0.00046
63.35	0.00051
63.4	0.00057
63.45	0.00063
63.5	0.0007
63.55	0.00076
63.6	0.00082
63.65	0.00087
63.7	0.00092
63.75	0.00096
63.8	0.00099
63.85	0.00102
63.9	0.00104
63.95	0.00105
64.0	0.00106
64.05	0.00108
64.1	0.00109
64.15	0.00111
64.2	0.00114
64.25	0.00117
64.3	0.0012
64.35	0.00124
64.4	0.00129
64.45	0.00133
64.5	0.00138
64.55	0.00143
64.6	0.00147
64.65	0.00151
64.7	0.00154
64.75	0.00157
64.8	0.00159
64.85	0.00161
64.9	0.00162
64.95	0.00163
65.0	0.00165
65.05	0.00167
65.1	0.0017
65.15	0.00174
65.2	0.00181
65.25	0.0019
65.3	0.00202
65.35	0.00219
65.4	0.00241
65.45	0.00268
65.5	0.00301
65.55	0.00339
65.6	0.00383
65.65	0.00431
65.7	0.00484
65.75	0.00538
65.8	0.00593
65.85	0.00648
65.9	0.007
65.95	0.00748
66.0	0.00791
66.05	0.00829
66.1	0.00862
66.15	0.00888
66.2	0.00909
66.25	0.00925
66.3	0.00937
66.35	0.00945
66.4	0.00951
66.45	0.00953
66.5	0.00954
66.55	0.00954
66.6	0.00953
66.65	0.00951
66.7	0.00949
66.75	0.00947
66.8	0.00945
66.85	0.00944
66.9	0.00943
66.95	0.00942
67.0	0.00942
67.05	0.00942
67.1	0.00942
67.15	0.00942
67.2	0.00942
67.25	0.0094
67.3	0.00937
67.35	0.00931
67.4	0.00922
67.45	0.00909
67.5	0.00891
67.55	0.00868
67.6	0.0084
67.65	0.00806
67.7	0.00767
67.75	0.00724
67.8	0.00678
67.85	0.00629
67.9	0.00579
67.95	0.0053
68.0	0.00482
68.05	0.00436
68.1	0.00394
68.15	0.00356
68.2	0.00322
68.25	0.00293
68.3	0.00268
68.35	0.00248
68.4	0.00233
68.45	0.0022
68.5	0.00211
68.55	0.00204
68.6	0.002
68.65	0.00197
68.7	0.00195
68.75	0.00194
68.8	0.00193
68.85	0.00193
68.9	0.00193
68.95	0.00193
69.0	0.00193
69.05	0.00193
69.1	0.00193
69.15	0.00193
69.2	0.00194
69.25	0.00194
69.3	0.00195
69.35	0.00195
69.4	0.00196
69.45	0.00197
69.5	0.00198
69.55	0.00199
69.6	0.00201
69.65	0.00202
69.7	0.00203
69.75	0.00205
69.8	0.00206
69.85	0.00207
69.9	0.00209
69.95	0.0021
70.0	0.00211
70.05	0.00211
70.1	0.00212
70.15	0.00212
70.2	0.00211
70.25	0.00211
70.3	0.0021
70.35	0.0021
70.4	0.00209
70.45	0.00208
70.5	0.00207
70.55	0.00206
70.6	0.00204
70.65	0.00203
70.7	0.00202
70.75	0.002
70.8	0.00199
70.85	0.00197
70.9	0.00195
70.95	0.00193
71.0	0.0019
71.05	0.00187
71.1	0.00184
71.15	0.00179
71.2	0.00175
71.25	0.00169
71.3	0.00163
71.35	0.00156
71.4	0.00148
71.45	0.0014
71.5	0.00132
71.55	0.00123
71.6	0.00114
71.65	0.00105
71.7	0.00097
71.75	0.0009
71.8	0.00083
71.85	0.00078
71.9	0.00073
71.95	0.00069
72.0	0.00066
72.05	0.00064
72.1	0.00063
72.15	0.00063
72.2	0.00064
72.25	0.00066
72.3	0.00069
72.35	0.00074
72.4	0.0008
72.45	0.00087
72.5	0.00096
72.55	0.00106
72.6	0.00118
72.65	0.00131
72.7	0.00144
72.75	0.00157
72.8	0.00169
72.85	0.00181
72.9	0.00191
72.95	0.002
73.0	0.00206
73.05	0.0021
73.1	0.00211
73.15	0.0021
73.2	0.00207
73.25	0.00201
73.3	0.00194
73.35	0.00185
73.4	0.00175
73.45	0.00164
73.5	0.00152
73.55	0.0014
73.6	0.00128
73.65	0.00117
73.7	0.00106
73.75	0.00097
73.8	0.00088
73.85	0.00082
73.9	0.00076
73.95	0.00072
74.0	0.00068
74.05	0.00066
74.1	0.00065
74.15	0.00064
74.2	0.00064
74.25	0.00064
74.3	0.00065
74.35	0.00066
74.4	0.00066
74.45	0.00067
74.5	0.00068
74.55	0.00069
74.6	0.0007
74.65	0.00071
74.7	0.00071
74.75	0.00072
74.8	0.00072
74.85	0.00073
74.9	0.00073
74.95	0.00073
75.0	0.00073
75.05	0.00073
75.1	0.00073
75.15	0.00072
75.2	0.00072
75.25	0.00071
75.3	0.0007
75.35	0.00069
75.4	0.00068
75.45	0.00067
75.5	0.00066
75.55	0.00065
75.6	0.00064
75.65	0.00063
75.7	0.00063
75.75	0.00062
75.8	0.00062
75.85	0.00061
75.9	0.00061
75.95	0.00061
76.0	0.00061
76.05	0.00061
76.1	0.0006
76.15	0.0006
76.2	0.0006
76.25	0.0006
76.3	0.0006
76.35	0.00059
76.4	0.00059
76.45	0.00059
76.5	0.00059
76.55	0.00059
76.6	0.0006
76.65	0.00061
76.7	0.00063
76.75	0.00065
76.8	0.00068
76.85	0.00072
76.9	0.00077
76.95	0.00083
77.0	0.00089
77.05	0.00096
77.1	0.00103
77.15	0.0011
77.2	0.00118
77.25	0.00125
77.3	0.00132
77.35	0.00138
77.4	0.00143
77.45	0.00148
77.5	0.00152
77.55	0.00156
77.6	0.00158
77.65	0.0016
77.7	0.00162
77.75	0.00163
77.8	0.00163
77.85	0.00164
77.9	0.00164
77.95	0.00164
78.0	0.00165
78.05	0.00165
78.1	0.00165
78.15	0.00165
78.2	0.00165
78.25	0.00165
78.3	0.00165
78.35	0.00165
78.4	0.00164
78.45	0.00163
78.5	0.00163
78.55	0.00162
78.6	0.00161
78.65	0.0016
78.7	0.00158
78.75	0.00157
78.8	0.00156
78.85	0.00154
78.9	0.00153
78.95	0.00152
79.0	0.00151
79.05	0.0015
79.1	0.00149
79.15	0.00149
79.2	0.00148
79.25	0.00148
79.3	0.00147
79.35	0.00147
79.4	0.00147
79.45	0.00147
79.5	0.00147
79.55	0.00147
79.6	0.00148
79.65	0.00148
79.7	0.00149
79.75	0.0015
79.8	0.0015
79.85	0.00151
79.9	0.00151
79.95	0.00152
80.0	0.00152
80.05	0.00152
80.1	0.00151
80.15	0.0015
80.2	0.00148
80.25	0.00145
80.3	0.00141
80.35	0.00136
80.4	0.0013
80.45	0.00123
80.5	0.00114
80.55	0.00104
80.6	0.00094
80.65	0.00083
80.7	0.00071
80.75	0.0006
80.8	0.00048
80.85	0.00038
80.9	0.00028
80.95	0.00019
81.0	0.00011
81.05	4.0e-5
81.1	-1.0e-5
81.15	-6.0e-5
81.2	-9.0e-5
81.25	-0.00012
81.3	-0.00013
81.35	-0.00014
81.4	-0.00015
81.45	-0.00015
81.5	-0.00016
81.55	-0.00016
81.6	-0.00016
81.65	-0.00016
81.7	-0.00016
81.75	-0.00016
81.8	-0.00017
81.85	-0.00018
81.9	-0.00019
81.95	-0.0002
82.0	-0.00021
82.05	-0.00023
82.1	-0.00025
82.15	-0.00027
82.2	-0.00029
82.25	-0.00032
82.3	-0.00034
82.35	-0.00036
82.4	-0.00038
82.45	-0.0004
82.5	-0.00042
82.55	-0.00043
82.6	-0.00045
82.65	-0.00046
82.7	-0.00046
82.75	-0.00047
82.8	-0.00047
82.85	-0.00047
82.9	-0.00047
82.95	-0.00047
83.0	-0.00047
83.05	-0.00046
83.1	-0.00046
83.15	-0.00045
83.2	-0.00044
83.25	-0.00043
83.3	-0.00042
83.35	-0.00041
83.4	-0.0004
83.45	-0.00039
83.5	-0.00038
83.55	-0.00037
83.6	-0.00036
83.65	-0.00035
83.7	-0.00034
83.75	-0.00033
83.8	-0.00032
83.85	-0.0003
83.9	-0.00029
83.95	-0.00027
84.0	-0.00025
84.05	-0.00023
84.1	-0.00021
84.15	-0.00019
84.2	-0.00016
84.25	-0.00014
84.3	-0.00012
84.35	-0.0001
84.4	-8.0e-5
84.45	-6.0e-5
84.5	-5.0e-5
84.55	-3.0e-5
84.6	-2.0e-5
84.65	-1.0e-5
84.7	-1.0e-5
84.75	0.0
84.8	1.0e-5
84.85	1.0e-5
84.9	1.0e-5
84.95	2.0e-5
85.0	2.0e-5
85.05	2.0e-5
85.1	2.0e-5
85.15	3.0e-5
85.2	3.0e-5
85.25	3.0e-5
85.3	3.0e-5
85.35	4.0e-5
85.4	5.0e-5
85.45	5.0e-5
85.5	6.0e-5
85.55	8.0e-5
85.6	9.0e-5
85.65	0.00011
85.7	0.00013
85.75	0.00016
85.8	0.00018
85.85	0.00021
85.9	0.00024
85.95	0.00027
86.0	0.0003
86.05	0.00032
86.1	0.00035
86.15	0.00037
86.2	0.00039
86.25	0.0004
86.3	0.00041
86.35	0.00042
86.4	0.00043
86.45	0.00043
86.5	0.00043
86.55	0.00044
86.6	0.00044
86.65	0.00043
86.7	0.00043
86.75	0.00043
86.8	0.00043
86.85	0.00043
86.9	0.00043
86.95	0.00044
87.0	0.00044
87.05	0.00044
87.1	0.00044
87.15	0.00044
87.2	0.00044
87.25	0.00044
87.3	0.00044
87.35	0.00043
87.4	0.00043
87.45	0.00043
87.5	0.00043
87.55	0.00042
87.6	0.00042
87.65	0.00042
87.7	0.00041
87.75	0.00041
87.8	0.00041
87.85	0.0004
87.9	0.0004
87.95	0.0004
88.0	0.0004
88.05	0.0004
88.1	0.0004
88.15	0.00039
88.2	0.00039
88.25	0.00039
88.3	0.00039
88.35	0.00039
88.4	0.00039
88.45	0.00039
88.5	0.00039
88.55	0.00039
88.6	0.00039
88.65	0.00039
88.7	0.00039
88.75	0.00038
88.8	0.00038
88.85	0.00037
88.9	0.00037
88.95	0.00036
89.0	0.00035
89.05	0.00033
89.1	0.00032
89.15	0.00031
89.2	0.00029
89.25	0.00028
89.3	0.00026
89.35	0.00025
89.4	0.00024
89.45	0.00022
89.5	0.00021
89.55	0.00021
89.6	0.0002
89.65	0.00019
89.7	0.00018
89.75	0.00018
89.8	0.00017
89.85	0.00016
89.9	0.00016
89.95	0.00015
90.0	0.00014
90.05	0.00014
90.1	0.00013
90.15	0.00013
90.2	0.00012
90.25	0.00011
90.3	0.00011
90.35	0.00011
90.4	0.0001
90.45	0.0001
90.5	0.0001
90.55	0.0001
90.6	0.0001
90.65	0.0001
90.7	0.0001
90.75	9.0e-5
90.8	9.0e-5
90.85	9.0e-5
90.9	9.0e-5
90.95	9.0e-5
91.0	9.0e-5
91.05	9.0e-5
91.1	9.0e-5
91.15	9.0e-5
91.2	9.0e-5
91.25	9.0e-5
91.3	9.0e-5
91.35	9.0e-5
91.4	9.0e-5
91.45	9.0e-5
91.5	9.0e-5
91.55	9.0e-5
91.6	9.0e-5
91.65	9.0e-5
91.7	8.0e-5
91.75	7.0e-5
91.8	6.0e-5
91.85	5.0e-5
91.9	4.0e-5
91.95	2.0e-5
92.0	0.0
92.05	-2.0e-5
92.1	-4.0e-5
92.15	-6.0e-5
92.2	-8.0e-5
92.25	-0.0001
92.3	-0.00012
92.35	-0.00014
92.4	-0.00016
92.45	-0.00017
92.5	-0.00018
92.55	-0.0002
92.6	-0.00021
92.65	-0.00021
92.7	-0.00022
92.75	-0.00023
92.8	-0.00023
92.85	-0.00023
92.9	-0.00023
92.95	-0.00023
93.0	-0.00023
93.05	-0.00023
93.1	-0.00022
93.15	-0.00022
93.2	-0.00021
93.25	-0.0002
93.3	-0.00019
93.35	-0.00018
93.4	-0.00016
93.45	-0.00015
93.5	-0.00014
93.55	-0.00012
93.6	-0.00011
93.65	-9.0e-5
93.7	-8.0e-5
93.75	-7.0e-5
93.8	-6.0e-5
93.85	-5.0e-5
93.9	-4.0e-5
93.95	-3.0e-5
94.0	-3.0e-5
94.05	-2.0e-5
94.1	-1.0e-5
94.15	-1.0e-5
94.2	-1.0e-5
94.25	-0.0
94.3	-0.0
94.35	-0.0
94.4	0.0
94.45	0.0
94.5	0.0
94.55	0.0
94.6	-0.0
94.65	-0.0
94.7	-0.0
94.75	-0.0
94.8	-0.0
94.85	-0.0
94.9	-0.0
94.95	-0.0
95.0	-0.0
95.05	-1.0e-5
95.1	-1.0e-5
95.15	-2.0e-5
95.2	-3.0e-5
95.25	-4.0e-5
95.3	-6.0e-5
95.35	-8.0e-5
95.4	-0.0001
95.45	-0.00012
95.5	-0.00015
95.55	-0.00018
95.6	-0.00021
95.65	-0.00024
95.7	-0.00027
95.75	-0.0003
95.8	-0.00032
95.85	-0.00034
95.9	-0.00036
95.95	-0.00037
96.0	-0.00039
96.05	-0.00039
96.1	-0.0004
96.15	-0.00041
96.2	-0.00041
96.25	-0.00041
96.3	-0.00042
96.35	-0.00042
96.4	-0.00042
96.45	-0.00042
96.5	-0.00042
96.55	-0.00043
96.6	-0.00043
96.65	-0.00043
96.7	-0.00043
96.75	-0.00043
96.8	-0.00043
96.85	-0.00043
96.9	-0.00043
96.95	-0.00043
97.0	-0.00043
97.05	-0.00043
97.1	-0.00043
97.15	-0.00043
97.2	-0.00043
97.25	-0.00042
97.3	-0.00042
97.35	-0.00042
97.4	-0.00042
97.45	-0.00042
97.5	-0.00041
97.55	-0.00041
97.6	-0.00041
97.65	-0.0004
97.7	-0.0004
97.75	-0.0004
97.8	-0.00039
97.85	-0.00039
97.9	-0.00039
97.95	-0.00039
98.0	-0.00039
98.05	-0.00039
98.1	-0.00039
98.15	-0.00039
98.2	-0.00038
98.25	-0.00038
98.3	-0.00038
98.35	-0.00038
98.4	-0.00038
98.45	-0.00038
98.5	-0.00037
98.55	-0.00037
98.6	-0.00037
98.65	-0.00036
98.7	-0.00036
98.75	-0.00036
98.8	-0.00035
98.85	-0.00035
98.9	-0.00034
98.95	-0.00034
99.0	-0.00034
99.05	-0.00033
99.1	-0.00033
99.15	-0.00033
99.2	-0.00033
99.25	-0.00033
99.3	-0.00033
99.35	-0.00033
99.4	-0.00033
99.45	-0.00033
99.5	-0.00033
99.55	-0.00033
99.6	-0.00033
99.65	-0.00033
99.7	-0.00033
99.75	-0.00033
99.8	-0.00033
99.85	-0.00033
99.9	-0.00034
99.95	-0.00034
100.0	-0.00034
100.05	-0.00035
100.1	-0.00035
100.15	-0.00036
100.2	-0.00036
100.25	-0.00036
100.3	-0.00037
100.35	-0.00037
100.4	-0.00037
100.45	-0.00037
100.5	-0.00037
100.55	-0.00037
100.6	-0.00037
100.65	-0.00037
100.7	-0.00037
100.75	-0.00037
100.8	-0.00037
100.85	-0.00037
100.9	-0.00037
100.95	-0.00037
101.0	-0.00037
101.05	-0.00037
101.1	-0.00037
101.15	-0.00037
101.2	-0.00037
101.25	-0.00037
101.3	-0.00037
101.35	-0.00037
101.4	-0.00037
101.45	-0.00037
101.5	-0.00037
101.55	-0.00037
101.6	-0.00037
101.65	-0.00037
101.7	-0.00036
101.75	-0.00036
101.8	-0.00036
101.85	-0.00036
101.9	-0.00036
101.95	-0.00036
102.0	-0.00036
102.05	-0.00035
102.1	-0.00035
102.15	-0.00035
102.2	-0.00034
102.25	-0.00034
102.3	-0.00033
102.35	-0.00033
102.4	-0.00032
102.45	-0.00032
102.5	-0.00031
102.55	-0.00031
102.6	-0.0003
102.65	-0.0003
102.7	-0.0003
102.75	-0.00029
102.8	-0.00029
102.85	-0.00029
102.9	-0.00029
102.95	-0.00028
103.0	-0.00028
103.05	-0.00028
103.1	-0.00028
103.15	-0.00028
103.2	-0.00027
103.25	-0.00027
103.3	-0.00027
103.35	-0.00026
103.4	-0.00026
103.45	-0.00026
103.5	-0.00026
103.55	-0.00025
103.6	-0.00025
103.65	-0.00025
103.7	-0.00025
103.75	-0.00025
103.8	-0.00025
103.85	-0.00025
103.9	-0.00025
103.95	-0.00025
104.0	-0.00025
104.05	-0.00025
104.1	-0.00025
104.15	-0.00025
104.2	-0.00025
104.25	-0.00025
104.3	-0.00026
104.35	-0.00026
104.4	-0.00026
104.45	-0.00027
104.5	-0.00027
104.55	-0.00027
104.6	-0.00027
104.65	-0.00027
104.7	-0.00028
104.75	-0.00027
