0.0	0.04562
0.05	0.05543
0.1	0.06537
0.15	0.07486
0.2	0.08333
0.25	0.09032
0.3	0.0955
0.35	0.0988
0.4	0.10034
0.45	0.10041
0.5	0.09936
0.55	0.09751
0.6	0.09503
0.65	0.09187
0.7	0.08781
0.75	0.08242
0.8	0.07527
0.85	0.066
0.9	0.05449
0.95	0.04091
1.0	0.02579
1.05	0.00994
1.1	-0.00565
1.15	-0.01992
1.2	-0.03197
1.25	-0.04113
1.3	-0.04705
1.35	-0.04976
1.4	-0.04958
1.45	-0.04707
1.5	-0.04291
1.55	-0.03777
1.6	-0.0323
1.65	-0.02693
1.7	-0.02195
1.75	-0.01749
1.8	-0.01356
1.85	-0.01004
1.9	-0.00676
1.95	-0.00352
2.0	-6.0e-5
2.05	0.00392
2.1	0.0087
2.15	0.01458
2.2	0.02182
2.25	0.0306
2.3	0.04096
2.35	0.05276
2.4	0.06564
2.45	0.07897
2.5	0.09193
2.55	0.10359
2.6	0.11297
2.65	0.1192
2.7	0.12159
2.75	0.11981
2.8	0.11399
2.85	0.10464
2.9	0.0926
2.95	0.07886
3.0	0.06458
3.05	0.05073
3.1	0.03803
3.15	0.02699
3.2	0.01783
3.25	0.01054
3.3	0.00496
3.35	0.00084
3.4	-0.00212
3.45	-0.00419
3.5	-0.00559
3.55	-0.00651
3.6	-0.00707
3.65	-0.00735
3.7	-0.0074
3.75	-0.00726
3.8	-0.00699
3.85	-0.00657
3.9	-0.00606
3.95	-0.00546
4.0	-0.00481
4.05	-0.0041
4.1	-0.00336
4.15	-0.00257
4.2	-0.00173
4.25	-0.0008
4.3	0.00032
4.35	0.0017
4.4	0.00355
4.45	0.00606
4.5	0.00947
4.55	0.01402
4.6	0.01995
4.65	0.02738
4.7	0.03632
4.75	0.04657
4.8	0.05768
4.85	0.06901
4.9	0.07963
4.95	0.08857
5.0	0.09493
5.05	0.09802
5.1	0.09747
5.15	0.09327
5.2	0.08581
5.25	0.07579
5.3	0.06412
5.35	0.05179
5.4	0.03973
5.45	0.02868
5.5	0.01915
5.55	0.01138
5.6	0.00541
5.65	0.00108
5.7	-0.00195
5.75	-0.00396
5.8	-0.00523
5.85	-0.00599
5.9	-0.00639
5.95	-0.00655
6.0	-0.00653
6.05	-0.00637
6.1	-0.0061
6.15	-0.00574
6.2	-0.00532
6.25	-0.00485
6.3	-0.00434
6.35	-0.00383
6.4	-0.00333
6.45	-0.00283
6.5	-0.00235
6.55	-0.0019
6.6	-0.00149
6.65	-0.00113
6.7	-0.00081
6.75	-0.00054
6.8	-0.00031
6.85	-0.00012
6.9	5.0e-5
6.95	0.00022
7.0	0.00045
7.05	0.00078
7.1	0.00133
7.15	0.00221
7.2	0.00366
7.25	0.00592
7.3	0.00932
7.35	0.01426
7.4	0.02112
7.45	0.03024
7.5	0.04182
7.55	0.05581
7.6	0.07184
7.65	0.08917
7.7	0.10667
7.75	0.12277
7.8	0.13597
7.85	0.14485
7.9	0.14836
7.95	0.14597
8.0	0.13779
8.05	0.12453
8.1	0.10741
8.15	0.08798
8.2	0.06782
8.25	0.0484
8.3	0.03085
8.35	0.01589
8.4	0.00386
8.45	-0.00529
8.5	-0.01201
8.55	-0.01673
8.6	-0.01987
8.65	-0.02176
8.7	-0.02265
8.75	-0.02266
8.8	-0.02189
8.85	-0.02037
8.9	-0.01818
8.95	-0.01546
9.0	-0.01234
9.05	-0.00903
9.1	-0.00578
9.15	-0.00281
9.2	-0.0003
9.25	0.0016
9.3	0.0028
9.35	0.00326
9.4	0.00302
9.45	0.00216
9.5	0.00081
9.55	-0.00088
9.6	-0.0027
9.65	-0.00449
9.7	-0.00611
9.75	-0.00749
9.8	-0.00862
9.85	-0.00965
9.9	-0.01078
9.95	-0.01235
10.0	-0.01473
10.05	-0.0183
10.1	-0.02342
10.15	-0.03035
10.2	-0.03916
10.25	-0.04971
10.3	-0.06156
10.35	-0.07404
10.4	-0.08623
10.45	-0.09709
10.5	-0.1055
10.55	-0.11055
10.6	-0.11181
10.65	-0.10916
10.7	-0.10289
10.75	-0.09365
10.8	-0.08231
10.85	-0.06986
10.9	-0.05723
10.95	-0.04522
11.0	-0.03439
11.05	-0.02507
11.1	-0.01737
11.15	-0.01121
11.2	-0.00646
11.25	-0.00286
11.3	-0.00014
11.35	0.00192
11.4	0.00346
11.45	0.00461
11.5	0.00547
11.55	0.00608
11.6	0.00648
11.65	0.0067
11.7	0.00674
11.75	0.00662
11.8	0.00634
11.85	0.00593
11.9	0.00541
11.95	0.00482
12.0	0.00422
12.05	0.00365
12.1	0.00315
12.15	0.00275
12.2	0.00245
12.25	0.00222
12.3	0.00201
12.35	0.00178
12.4	0.00145
12.45	0.00095
12.5	0.00025
12.55	-0.0007
12.6	-0.00188
12.65	-0.00322
12.7	-0.00465
12.75	-0.00605
12.8	-0.00732
12.85	-0.00834
12.9	-0.00902
12.95	-0.00934
13.0	-0.00926
13.05	-0.00881
13.1	-0.00805
13.15	-0.00703
13.2	-0.00585
13.25	-0.00456
13.3	-0.00324
13.35	-0.00192
13.4	-0.00066
13.45	0.00053
13.5	0.00162
13.55	0.0026
13.6	0.00345
13.65	0.00414
13.7	0.00468
13.75	0.00508
13.8	0.00538
13.85	0.00562
13.9	0.00591
13.95	0.00638
14.0	0.00719
14.05	0.00852
14.1	0.01053
14.15	0.01333
14.2	0.01701
14.25	0.02151
14.3	0.02669
14.35	0.03225
14.4	0.03777
14.45	0.04279
14.5	0.04678
14.55	0.04929
14.6	0.04997
14.65	0.0486
14.7	0.04529
14.75	0.04039
14.8	0.03433
14.85	0.02764
14.9	0.02083
14.95	0.01435
15.0	0.0085
15.05	0.00344
15.1	-0.0008
15.15	-0.00434
15.2	-0.00735
15.25	-0.01001
15.3	-0.01248
15.35	-0.0149
15.4	-0.01727
15.45	-0.01954
15.5	-0.0216
15.55	-0.02326
15.6	-0.02436
15.65	-0.02475
15.7	-0.02432
15.75	-0.02307
15.8	-0.02104
15.85	-0.01838
15.9	-0.01527
15.95	-0.01195
16.0	-0.00863
16.05	-0.00552
16.1	-0.00278
16.15	-0.00046
16.2	0.00141
16.25	0.00286
16.3	0.00397
16.35	0.00477
16.4	0.00534
16.45	0.0057
16.5	0.00586
16.55	0.00582
16.6	0.00557
16.65	0.00506
16.7	0.00426
16.75	0.00318
16.8	0.00184
16.85	0.00028
16.9	-0.00145
16.95	-0.00324
17.0	-0.00501
17.05	-0.00662
17.1	-0.00797
17.15	-0.00894
17.2	-0.00944
17.25	-0.00944
17.3	-0.00893
17.35	-0.00796
17.4	-0.00661
17.45	-0.00505
17.5	-0.0034
17.55	-0.0018
17.6	-0.00033
17.65	0.00093
17.7	0.00195
17.75	0.00275
17.8	0.00335
17.85	0.00382
17.9	0.00421
17.95	0.00457
18.0	0.00496
18.05	0.00536
18.1	0.00579
18.15	0.00623
18.2	0.00664
18.25	0.00696
18.3	0.00716
18.35	0.0072
18.4	0.00706
18.45	0.00675
18.5	0.00628
18.55	0.00567
18.6	0.00497
18.65	0.00424
18.7	0.00349
18.75	0.00275
18.8	0.00203
18.85	0.0013
18.9	0.00054
18.95	-0.00031
19.0	-0.00129
19.05	-0.00247
19.1	-0.00389
19.15	-0.0056
19.2	-0.00757
19.25	-0.00977
19.3	-0.01214
19.35	-0.01454
19.4	-0.0168
19.45	-0.01874
19.5	-0.02021
19.55	-0.02105
19.6	-0.02118
19.65	-0.02062
19.7	-0.0194
19.75	-0.01766
19.8	-0.01556
19.85	-0.01329
19.9	-0.011
19.95	-0.00886
20.0	-0.00694
20.05	-0.00533
20.1	-0.004
20.15	-0.00293
20.2	-0.00204
20.25	-0.00129
20.3	-0.0006
20.35	8.0e-5
20.4	0.00078
20.45	0.00151
20.5	0.0023
20.55	0.00313
20.6	0.00399
20.65	0.00485
20.7	0.00568
20.75	0.00642
20.8	0.00705
20.85	0.00751
20.9	0.00778
20.95	0.0078
21.0	0.00757
21.05	0.00708
21.1	0.00632
21.15	0.00534
21.2	0.0042
21.25	0.00294
21.3	0.00164
21.35	0.00037
21.4	-0.00079
21.45	-0.0018
21.5	-0.00261
21.55	-0.00324
21.6	-0.0037
21.65	-0.004
21.7	-0.00421
21.75	-0.00437
21.8	-0.00456
21.85	-0.00484
21.9	-0.00526
21.95	-0.00587
22.0	-0.00672
22.05	-0.0078
22.1	-0.00906
22.15	-0.01042
22.2	-0.01178
22.25	-0.013
22.3	-0.01395
22.35	-0.01449
22.4	-0.01456
22.45	-0.01411
22.5	-0.01316
22.55	-0.01177
22.6	-0.01007
22.65	-0.00819
22.7	-0.00628
22.75	-0.00447
22.8	-0.00284
22.85	-0.00142
22.9	-0.00023
22.95	0.00075
23.0	0.00157
23.05	0.00226
23.1	0.00286
23.15	0.00339
23.2	0.00385
23.25	0.00424
23.3	0.00455
23.35	0.00473
23.4	0.00477
23.45	0.00466
23.5	0.0044
23.55	0.004
23.6	0.00349
23.65	0.0029
23.7	0.00228
23.75	0.00168
23.8	0.00114
23.85	0.00068
23.9	0.00034
23.95	0.0001
24.0	-2.0e-5
24.05	-7.0e-5
24.1	-8.0e-5
24.15	-6.0e-5
24.2	-5.0e-5
24.25	-3.0e-5
24.3	-4.0e-5
24.35	-4.0e-5
24.4	-2.0e-5
24.45	4.0e-5
24.5	0.00015
24.55	0.00036
24.6	0.00065
24.65	0.00102
24.7	0.00146
24.75	0.00195
24.8	0.00245
24.85	0.00293
24.9	0.00337
24.95	0.00371
25.0	0.00394
25.05	0.00405
25.1	0.00401
25.15	0.00386
25.2	0.00361
25.25	0.00326
25.3	0.00288
25.35	0.00248
25.4	0.00209
25.45	0.00172
25.5	0.0014
25.55	0.00111
25.6	0.00087
25.65	0.00066
25.7	0.00051
25.75	0.00041
25.8	0.00035
25.85	0.00032
25.9	0.00033
25.95	0.00036
26.0	0.00043
26.05	0.00051
26.1	0.00059
26.15	0.00068
26.2	0.00077
26.25	0.00084
26.3	0.0009
26.35	0.00094
26.4	0.00097
26.45	0.00097
26.5	0.00096
26.55	0.00093
26.6	0.00091
26.65	0.00088
26.7	0.00087
26.75	0.00088
26.8	0.00092
26.85	0.00101
26.9	0.00114
26.95	0.00132
27.0	0.00156
27.05	0.00184
27.1	0.00215
27.15	0.00248
27.2	0.0028
27.25	0.00309
27.3	0.00335
27.35	0.00353
27.4	0.00364
27.45	0.00368
27.5	0.00364
27.55	0.00352
27.6	0.00336
27.65	0.00313
27.7	0.00286
27.75	0.00256
27.8	0.00225
27.85	0.00193
27.9	0.00162
27.95	0.00131
28.0	0.00102
28.05	0.00075
28.1	0.00052
28.15	0.00031
28.2	0.00012
28.25	-4.0e-5
28.3	-0.00018
28.35	-0.00032
28.4	-0.00044
28.45	-0.00057
28.5	-0.00069
28.55	-0.00083
28.6	-0.00097
28.65	-0.00112
28.7	-0.00128
28.75	-0.00143
28.8	-0.00155
28.85	-0.00164
28.9	-0.00166
28.95	-0.0016
29.0	-0.00147
29.05	-0.00124
29.1	-0.00093
29.15	-0.00055
29.2	-0.00014
29.25	0.00029
29.3	0.00073
29.35	0.00113
29.4	0.0015
29.45	0.00184
29.5	0.00216
29.55	0.00246
29.6	0.00278
29.65	0.00312
29.7	0.00351
29.75	0.00394
29.8	0.0044
29.85	0.00486
29.9	0.00529
29.95	0.00565
30.0	0.0059
30.05	0.00601
30.1	0.00594
30.15	0.00571
30.2	0.00534
30.25	0.00484
30.3	0.00426
30.35	0.00364
30.4	0.00301
30.45	0.00242
30.5	0.00187
30.55	0.0014
30.6	0.001
30.65	0.00067
30.7	0.00038
30.75	0.00014
30.8	-8.0e-5
30.85	-0.00027
30.9	-0.00044
30.95	-0.00058
31.0	-0.0007
31.05	-0.00078
31.1	-0.00081
31.15	-0.00079
31.2	-0.00071
31.25	-0.00058
31.3	-0.00041
31.35	-0.00019
31.4	6.0e-5
31.45	0.00032
31.5	0.00059
31.55	0.00083
31.6	0.00105
31.65	0.00124
31.7	0.00139
31.75	0.00149
31.8	0.00155
31.85	0.00159
31.9	0.0016
31.95	0.0016
32.0	0.00159
32.05	0.00158
32.1	0.00157
32.15	0.00156
32.2	0.00154
32.25	0.00152
32.3	0.0015
32.35	0.00147
32.4	0.00144
32.45	0.00141
32.5	0.00139
32.55	0.00138
32.6	0.00137
32.65	0.00137
32.7	0.00137
32.75	0.00138
32.8	0.00139
32.85	0.00139
32.9	0.00139
32.95	0.00139
33.0	0.00138
33.05	0.00137
33.1	0.00135
33.15	0.00135
33.2	0.00135
33.25	0.00136
33.3	0.00138
33.35	0.0014
33.4	0.00142
33.45	0.00146
33.5	0.00149
33.55	0.00153
33.6	0.00156
33.65	0.0016
33.7	0.00163
33.75	0.00166
33.8	0.00169
33.85	0.00171
33.9	0.00172
33.95	0.00173
34.0	0.00173
34.05	0.00172
34.1	0.00171
34.15	0.00169
34.2	0.00166
34.25	0.00163
34.3	0.00159
34.35	0.00155
34.4	0.00151
34.45	0.00147
34.5	0.00141
34.55	0.00136
34.6	0.0013
34.65	0.00123
34.7	0.00116
34.75	0.00107
34.8	0.00098
34.85	0.00088
34.9	0.00077
34.95	0.00067
35.0	0.00057
35.05	0.00047
35.1	0.00039
35.15	0.00032
35.2	0.00028
35.25	0.00026
35.3	0.00026
35.35	0.0003
35.4	0.00036
35.45	0.00046
35.5	0.00057
35.55	0.0007
35.6	0.00086
35.65	0.00101
35.7	0.00116
35.75	0.0013
35.8	0.00142
35.85	0.00153
35.9	0.00162
35.95	0.0017
36.0	0.00175
36.05	0.0018
36.1	0.00184
36.15	0.00187
36.2	0.00192
36.25	0.00197
36.3	0.00202
36.35	0.00208
36.4	0.00215
36.45	0.00222
36.5	0.00229
36.55	0.00235
36.6	0.00239
36.65	0.0024
36.7	0.00237
36.75	0.00232
36.8	0.00223
36.85	0.00211
36.9	0.00198
36.95	0.00184
37.0	0.0017
37.05	0.00158
37.1	0.00147
37.15	0.00138
37.2	0.0013
37.25	0.00122
37.3	0.00116
37.35	0.00109
37.4	0.00101
37.45	0.00092
37.5	0.00081
37.55	0.00071
37.6	0.00061
37.65	0.00052
37.7	0.00045
37.75	0.00042
37.8	0.00041
37.85	0.00045
37.9	0.00051
37.95	0.0006
38.0	0.00071
38.05	0.00082
38.1	0.00094
38.15	0.00105
38.2	0.00116
38.25	0.00125
38.3	0.00133
38.35	0.0014
38.4	0.00146
38.45	0.00152
38.5	0.00158
38.55	0.00163
38.6	0.00169
38.65	0.00174
38.7	0.00177
38.75	0.0018
38.8	0.00181
38.85	0.0018
38.9	0.00178
38.95	0.00173
39.0	0.00167
39.05	0.0016
39.1	0.00153
39.15	0.00145
39.2	0.00137
39.25	0.00131
39.3	0.00124
39.35	0.00119
39.4	0.00115
39.45	0.00112
39.5	0.00109
39.55	0.00107
39.6	0.00106
39.65	0.00105
39.7	0.00103
39.75	0.00103
39.8	0.00102
39.85	0.00101
39.9	0.00101
39.95	0.00101
40.0	0.00102
40.05	0.00106
40.1	0.00112
40.15	0.00123
40.2	0.00141
40.25	0.00167
40.3	0.00204
40.35	0.00252
40.4	0.00314
40.45	0.0039
40.5	0.00479
40.55	0.00579
40.6	0.00686
40.65	0.00798
40.7	0.00909
40.75	0.01016
40.8	0.01114
40.85	0.01202
40.9	0.01278
40.95	0.01341
41.0	0.0139
41.05	0.01427
41.1	0.01454
41.15	0.01473
41.2	0.01487
41.25	0.01494
41.3	0.01499
41.35	0.01501
41.4	0.01502
41.45	0.01501
41.5	0.01499
41.55	0.01496
41.6	0.01493
41.65	0.01489
41.7	0.01486
41.75	0.01483
41.8	0.01479
41.85	0.01477
41.9	0.01476
41.95	0.01475
42.0	0.01476
42.05	0.01478
42.1	0.0148
42.15	0.01484
42.2	0.01488
42.25	0.01494
42.3	0.01499
42.35	0.01505
42.4	0.01512
42.45	0.01519
42.5	0.01525
42.55	0.01532
42.6	0.01539
42.65	0.01546
42.7	0.01552
42.75	0.01558
42.8	0.01563
42.85	0.01566
42.9	0.01565
42.95	0.0156
43.0	0.01548
43.05	0.01528
43.1	0.01497
43.15	0.01451
43.2	0.01392
43.25	0.01316
43.3	0.01224
43.35	0.01117
43.4	0.00998
43.45	0.00871
43.5	0.00741
43.55	0.00612
43.6	0.00489
43.65	0.00378
43.7	0.00281
43.75	0.00199
43.8	0.00132
43.85	0.0008
43.9	0.00042
43.95	0.00014
44.0	-5.0e-5
44.05	-0.00018
44.1	-0.00027
44.15	-0.00033
44.2	-0.00037
44.25	-0.0004
44.3	-0.00041
44.35	-0.00043
44.4	-0.00043
44.45	-0.00042
44.5	-0.00039
44.55	-0.00036
44.6	-0.00031
44.65	-0.00024
44.7	-0.00016
44.75	-6.0e-5
44.8	5.0e-5
44.85	0.00017
44.9	0.0003
44.95	0.00044
45.0	0.00058
45.05	0.00073
45.1	0.00088
45.15	0.00103
45.2	0.00117
45.25	0.00132
45.3	0.00145
45.35	0.00159
45.4	0.00171
45.45	0.00183
45.5	0.00195
45.55	0.00206
45.6	0.00217
45.65	0.00227
45.7	0.00236
45.75	0.00244
45.8	0.0025
45.85	0.00254
45.9	0.00257
45.95	0.00258
46.0	0.00257
46.05	0.00256
46.1	0.00253
46.15	0.00251
46.2	0.00248
46.25	0.00246
46.3	0.00244
46.35	0.00243
46.4	0.00243
46.45	0.00243
46.5	0.00245
46.55	0.00246
46.6	0.00248
46.65	0.0025
46.7	0.00252
46.75	0.00254
46.8	0.00256
46.85	0.00259
46.9	0.00261
46.95	0.00263
47.0	0.00265
47.05	0.00268
47.1	0.0027
47.15	0.00273
47.2	0.00275
47.25	0.00277
47.3	0.00279
47.35	0.0028
47.4	0.00282
47.45	0.00282
47.5	0.00281
47.55	0.0028
47.6	0.00278
47.65	0.00275
47.7	0.00271
47.75	0.00265
47.8	0.00259
47.85	0.00253
47.9	0.00244
47.95	0.00236
48.0	0.00227
48.05	0.00216
48.1	0.00204
48.15	0.00193
48.2	0.0018
48.25	0.00167
48.3	0.00153
48.35	0.00139
48.4	0.00124
48.45	0.0011
48.5	0.00095
48.55	0.00081
48.6	0.00068
48.65	0.00056
48.7	0.00046
48.75	0.00038
48.8	0.00031
48.85	0.00027
48.9	0.00024
48.95	0.00024
49.0	0.00024
49.05	0.00027
49.1	0.00029
49.15	0.00032
49.2	0.00035
49.25	0.00038
49.3	0.00041
49.35	0.00044
49.4	0.00045
49.45	0.00046
49.5	0.00047
49.55	0.00047
49.6	0.00047
49.65	0.00047
49.7	0.00047
49.75	0.00048
49.8	0.00049
49.85	0.00051
49.9	0.00054
49.95	0.00056
50.0	0.00058
50.05	0.0006
50.1	0.00062
50.15	0.00063
50.2	0.00063
50.25	0.00063
50.3	0.00063
50.35	0.00061
50.4	0.00059
50.45	0.00056
50.5	0.00054
50.55	0.00052
50.6	0.00051
50.65	0.00053
50.7	0.00056
50.75	0.00063
50.8	0.00073
50.85	0.00086
50.9	0.00104
50.95	0.00124
51.0	0.00148
51.05	0.00173
51.1	0.00198
51.15	0.00223
51.2	0.00247
51.25	0.00268
51.3	0.00285
51.35	0.003
51.4	0.00312
51.45	0.0032
51.5	0.00325
51.55	0.00329
51.6	0.00331
51.65	0.0033
51.7	0.00329
51.75	0.00328
51.8	0.00325
51.85	0.00322
51.9	0.00318
51.95	0.00314
52.0	0.00309
52.05	0.00304
52.1	0.00298
52.15	0.00293
52.2	0.00288
52.25	0.00281
52.3	0.00275
52.35	0.00269
52.4	0.00263
52.45	0.00258
52.5	0.00252
52.55	0.00247
52.6	0.00242
52.65	0.00238
52.7	0.00234
52.75	0.00231
52.8	0.00228
52.85	0.00226
52.9	0.00226
52.95	0.00226
53.0	0.00227
53.05	0.00229
53.1	0.00233
53.15	0.00237
53.2	0.00242
53.25	0.00248
53.3	0.00254
53.35	0.00261
53.4	0.00268
53.45	0.00276
53.5	0.00284
53.55	0.00291
53.6	0.00298
53.65	0.00303
53.7	0.00306
53.75	0.00308
53.8	0.00309
53.85	0.00309
53.9	0.00307
53.95	0.00306
54.0	0.00302
54.05	0.003
54.1	0.00298
54.15	0.00296
54.2	0.00294
54.25	0.00292
54.3	0.00291
54.35	0.00288
54.4	0.00286
54.45	0.00283
54.5	0.0028
54.55	0.00276
54.6	0.00272
54.65	0.00268
54.7	0.00263
54.75	0.0026
54.8	0.00256
54.85	0.00253
54.9	0.00251
54.95	0.00249
55.0	0.00248
55.05	0.00246
55.1	0.00246
55.15	0.00246
55.2	0.00246
55.25	0.00247
55.3	0.00249
55.35	0.00251
55.4	0.00254
55.45	0.00257
55.5	0.00261
55.55	0.00266
55.6	0.00272
55.65	0.00279
55.7	0.00286
55.75	0.00294
55.8	0.00304
55.85	0.00315
55.9	0.00326
55.95	0.00339
56.0	0.00352
56.05	0.00367
56.1	0.0038
56.15	0.00393
56.2	0.00405
56.25	0.00416
56.3	0.00426
56.35	0.00433
56.4	0.0044
56.45	0.00445
56.5	0.00449
56.55	0.00452
56.6	0.00454
56.65	0.00455
56.7	0.00455
56.75	0.00456
56.8	0.00456
56.85	0.00456
56.9	0.00456
56.95	0.00457
57.0	0.00458
57.05	0.00459
57.1	0.00461
57.15	0.00464
57.2	0.00466
57.25	0.0047
57.3	0.00474
57.35	0.00478
57.4	0.00482
57.45	0.00487
57.5	0.00491
57.55	0.00495
57.6	0.00499
57.65	0.00503
57.7	0.00506
57.75	0.00508
57.8	0.0051
57.85	0.00512
57.9	0.00512
57.95	0.00511
58.0	0.00507
58.05	0.00502
58.1	0.00492
58.15	0.00479
58.2	0.00461
58.25	0.00439
58.3	0.00411
58.35	0.0038
58.4	0.00344
58.45	0.00306
58.5	0.00268
58.55	0.0023
58.6	0.00195
58.65	0.00162
58.7	0.00135
58.75	0.00112
58.8	0.00095
58.85	0.00082
58.9	0.00073
58.95	0.00068
59.0	0.00065
59.05	0.00065
59.1	0.00065
59.15	0.00067
59.2	0.0007
59.25	0.00072
59.3	0.00075
59.35	0.00078
59.4	0.00081
59.45	0.00083
59.5	0.00086
59.55	0.00089
59.6	0.00091
59.65	0.00093
59.7	0.00095
59.75	0.00097
59.8	0.00099
59.85	0.001
59.9	0.00102
59.95	0.00104
60.0	0.00106
60.05	0.00107
60.1	0.00109
60.15	0.0011
60.2	0.00112
60.25	0.00113
60.3	0.00114
60.35	0.00116
60.4	0.00118
60.45	0.00119
60.5	0.0012
60.55	0.00122
60.6	0.00124
60.65	0.00126
60.7	0.0013
60.75	0.00133
60.8	0.00138
60.85	0.00142
60.9	0.00147
60.95	0.00153
61.0	0.00159
61.05	0.00165
61.1	0.00171
61.15	0.00177
61.2	0.00183
61.25	0.00189
61.3	0.00194
61.35	0.00199
61.4	0.00203
61.45	0.00208
61.5	0.00212
61.55	0.00214
61.6	0.00217
61.65	0.00219
61.7	0.00221
61.75	0.00223
61.8	0.00224
61.85	0.00226
61.9	0.00227
61.95	0.00229
62.0	0.00232
62.05	0.00234
62.1	0.00236
62.15	0.00239
62.2	0.00241
62.25	0.00243
62.3	0.00244
62.35	0.00245
62.4	0.00246
62.45	0.00247
62.5	0.00247
62.55	0.00248
62.6	0.00248
62.65	0.00249
62.7	0.00251
62.75	0.00254
62.8	0.00258
62.85	0.00265
62.9	0.00273
62.95	0.00284
63.0	0.00299
63.05	0.00315
63.1	0.00332
63.15	0.0035
63.2	0.00368
63.25	0.00385
63.3	0.00401
63.35	0.00415
63.4	0.00427
63.45	0.00437
63.5	0.00445
63.55	0.00453
63.6	0.0046
63.65	0.00467
63.7	0.00474
63.75	0.00482
63.8	0.0049
63.85	0.00498
63.9	0.00506
63.95	0.00514
64.0	0.0052
64.05	0.00527
64.1	0.00531
64.15	0.00535
64.2	0.00538
64.25	0.0054
64.3	0.00541
64.35	0.00541
64.4	0.00541
64.45	0.00541
64.5	0.0054
64.55	0.00538
64.6	0.00536
64.65	0.00535
64.7	0.00534
64.75	0.00534
64.8	0.00536
64.85	0.00541
64.9	0.00551
64.95	0.00568
65.0	0.00593
65.05	0.0063
65.1	0.00683
65.15	0.00751
65.2	0.00837
65.25	0.00941
65.3	0.01063
65.35	0.01197
65.4	0.01343
65.45	0.01494
65.5	0.01644
65.55	0.01786
65.6	0.01917
65.65	0.02034
65.7	0.02134
65.75	0.02217
65.8	0.02282
65.85	0.02333
65.9	0.02371
65.95	0.024
66.0	0.02421
66.05	0.02437
66.1	0.02447
66.15	0.02455
66.2	0.02459
66.25	0.02463
66.3	0.02465
66.35	0.02467
66.4	0.02468
66.45	0.02469
66.5	0.0247
66.55	0.02472
66.6	0.02474
66.65	0.02477
66.7	0.0248
66.75	0.02484
66.8	0.02486
66.85	0.02489
66.9	0.0249
66.95	0.02487
67.0	0.02478
67.05	0.02463
67.1	0.02436
67.15	0.02394
67.2	0.02337
67.25	0.02264
67.3	0.02172
67.35	0.02064
67.4	0.0194
67.45	0.01806
67.5	0.01664
67.55	0.0152
67.6	0.01376
67.65	0.01237
67.7	0.01107
67.75	0.00986
67.8	0.00876
67.85	0.00777
67.9	0.00694
67.95	0.00627
68.0	0.00574
68.05	0.00536
68.1	0.00511
68.15	0.00499
68.2	0.005
68.25	0.00511
68.3	0.00532
68.35	0.00561
68.4	0.00598
68.45	0.00641
68.5	0.00688
68.55	0.00737
68.6	0.00785
68.65	0.00832
68.7	0.00874
68.75	0.00911
68.8	0.00942
68.85	0.00966
68.9	0.00985
68.95	0.00996
69.0	0.01002
69.05	0.01005
69.1	0.01003
69.15	0.00999
69.2	0.00992
69.25	0.00985
69.3	0.00976
69.35	0.00968
69.4	0.00959
69.45	0.00952
69.5	0.00946
69.55	0.00941
69.6	0.00938
69.65	0.00939
69.7	0.00941
69.75	0.00946
69.8	0.00954
69.85	0.00964
69.9	0.00976
69.95	0.0099
70.0	0.01006
70.05	0.01023
70.1	0.01041
70.15	0.01059
70.2	0.01076
70.25	0.01092
70.3	0.01105
70.35	0.01116
70.4	0.01124
70.45	0.01129
70.5	0.01131
70.55	0.0113
70.6	0.01127
70.65	0.01121
70.7	0.01112
70.75	0.011
70.8	0.01085
70.85	0.01066
70.9	0.01044
70.95	0.01018
71.0	0.00989
71.05	0.00958
71.1	0.00926
71.15	0.00894
71.2	0.00862
71.25	0.00832
71.3	0.00806
71.35	0.00782
71.4	0.00763
71.45	0.00748
71.5	0.00737
71.55	0.0073
71.6	0.00726
71.65	0.00724
71.7	0.00725
71.75	0.00727
71.8	0.00728
71.85	0.0073
71.9	0.00731
71.95	0.0073
72.0	0.00727
72.05	0.00721
72.1	0.0071
72.15	0.00696
72.2	0.00676
72.25	0.0065
72.3	0.00617
72.35	0.00577
72.4	0.00531
72.45	0.00478
72.5	0.0042
72.55	0.00358
72.6	0.00296
72.65	0.00234
72.7	0.00174
72.75	0.00118
72.8	0.00067
72.85	0.0002
72.9	-0.00021
72.95	-0.00057
73.0	-0.00089
73.05	-0.00116
73.1	-0.0014
73.15	-0.00156
73.2	-0.00169
73.25	-0.00177
73.3	-0.00181
73.35	-0.0018
73.4	-0.00177
73.45	-0.00172
73.5	-0.00165
73.55	-0.00159
73.6	-0.00152
73.65	-0.00146
73.7	-0.0014
73.75	-0.00136
73.8	-0.00132
73.85	-0.00128
73.9	-0.00123
73.95	-0.0012
74.0	-0.00116
74.05	-0.00111
74.1	-0.00106
74.15	-0.001
74.2	-0.00094
74.25	-0.00087
74.3	-0.00079
74.35	-0.00071
74.4	-0.00061
74.45	-0.00052
74.5	-0.00043
74.55	-0.00034
74.6	-0.00025
74.65	-0.00017
74.7	-9.0e-5
74.75	-1.0e-5
74.8	7.0e-5
74.85	0.00014
74.9	0.00021
74.95	0.00027
75.0	0.00032
75.05	0.00036
75.1	0.00037
75.15	0.00038
75.2	0.00036
75.25	0.00031
75.3	0.00026
75.35	0.00019
75.4	9.0e-5
75.45	-2.0e-5
75.5	-0.00014
75.55	-0.00026
75.6	-0.00039
75.65	-0.00051
75.7	-0.00062
75.75	-0.00072
75.8	-0.00082
75.85	-0.0009
75.9	-0.00096
75.95	-0.00102
76.0	-0.00106
76.05	-0.0011
76.1	-0.00111
76.15	-0.00112
76.2	-0.00113
76.25	-0.00112
76.3	-0.00111
76.35	-0.00109
76.4	-0.00106
76.45	-0.00103
76.5	-0.00099
76.55	-0.00093
76.6	-0.00087
76.65	-0.0008
76.7	-0.00072
76.75	-0.00064
76.8	-0.00054
76.85	-0.00045
76.9	-0.00035
76.95	-0.00024
77.0	-0.00015
77.05	-5.0e-5
77.1	4.0e-5
77.15	0.00011
77.2	0.00018
77.25	0.00025
77.3	0.00029
77.35	0.00033
77.4	0.00035
77.45	0.00038
77.5	0.00039
77.55	0.00039
77.6	0.0004
77.65	0.0004
77.7	0.0004
77.75	0.0004
77.8	0.00041
77.85	0.00042
77.9	0.00044
77.95	0.00047
78.0	0.00049
78.05	0.00052
78.1	0.00054
78.15	0.00056
78.2	0.00058
78.25	0.00059
78.3	0.00059
78.35	0.00058
78.4	0.00057
78.45	0.00055
78.5	0.00054
78.55	0.00051
78.6	0.00048
78.65	0.00045
78.7	0.00043
78.75	0.00041
78.8	0.00039
78.85	0.00037
78.9	0.00036
78.95	0.00036
79.0	0.00036
79.05	0.00038
79.1	0.0004
79.15	0.00045
79.2	0.00051
79.25	0.00059
79.3	0.00069
79.35	0.00081
79.4	0.00095
79.45	0.00109
79.5	0.00125
79.55	0.00139
79.6	0.00154
79.65	0.00166
79.7	0.00177
79.75	0.00185
79.8	0.00191
79.85	0.00196
79.9	0.00199
79.95	0.00201
80.0	0.00203
