0.0	0.0027
0.05	0.00618
0.1	0.01012
0.15	0.01434
0.2	0.0186
0.25	0.02264
0.3	0.02614
0.35	0.02883
0.4	0.03052
0.45	0.03107
0.5	0.03049
0.55	0.02889
0.6	0.02643
0.65	0.02338
0.7	0.02001
0.75	0.01658
0.8	0.01333
0.85	0.01042
0.9	0.00796
0.95	0.006
1.0	0.00455
1.05	0.00357
1.1	0.00298
1.15	0.00272
1.2	0.0027
1.25	0.00282
1.3	0.00302
1.35	0.00323
1.4	0.00339
1.45	0.00347
1.5	0.00343
1.55	0.00327
1.6	0.00299
1.65	0.00262
1.7	0.00218
1.75	0.0017
1.8	0.00121
1.85	0.00075
1.9	0.00037
1.95	0.0001
2.0	2.0e-5
2.05	0.00018
2.1	0.00064
2.15	0.0015
2.2	0.00283
2.25	0.00472
2.3	0.00722
2.35	0.01036
2.4	0.01411
2.45	0.01838
2.5	0.023
2.55	0.02774
2.6	0.0323
2.65	0.03634
2.7	0.03957
2.75	0.0417
2.8	0.04256
2.85	0.04207
2.9	0.04029
2.95	0.03738
3.0	0.03361
3.05	0.02929
3.1	0.02474
3.15	0.02027
3.2	0.01611
3.25	0.01246
3.3	0.00942
3.35	0.00701
3.4	0.00521
3.45	0.00395
3.5	0.00316
3.55	0.00271
3.6	0.00252
3.65	0.0025
3.7	0.00255
3.75	0.00261
3.8	0.00264
3.85	0.0026
3.9	0.00247
3.95	0.00227
4.0	0.00199
4.05	0.00164
4.1	0.00127
4.15	0.00089
4.2	0.00054
4.25	0.00024
4.3	5.0e-5
4.35	-2.0e-5
4.4	0.00011
4.45	0.00048
4.5	0.00115
4.55	0.00221
4.6	0.00371
4.65	0.00572
4.7	0.00826
4.75	0.01131
4.8	0.01481
4.85	0.01864
4.9	0.0226
4.95	0.02646
5.0	0.02996
5.05	0.03281
5.1	0.03481
5.15	0.03577
5.2	0.03563
5.25	0.0344
5.3	0.03222
5.35	0.02928
5.4	0.02583
5.45	0.02215
5.5	0.01847
5.55	0.01501
5.6	0.01193
5.65	0.00932
5.7	0.0072
5.75	0.00558
5.8	0.00437
5.85	0.00355
5.9	0.003
5.95	0.00268
6.0	0.00251
6.05	0.00243
6.1	0.00243
6.15	0.00246
6.2	0.00249
6.25	0.00253
6.3	0.00256
6.35	0.00259
6.4	0.00261
6.45	0.00263
6.5	0.00265
6.55	0.00268
6.6	0.00271
6.65	0.00276
6.7	0.00281
6.75	0.00287
6.8	0.00294
6.85	0.00301
6.9	0.00308
6.95	0.00315
7.0	0.00321
7.05	0.00328
7.1	0.00335
7.15	0.00341
7.2	0.00347
7.25	0.00353
7.3	0.00359
7.35	0.00364
7.4	0.00369
7.45	0.00374
7.5	0.00378
7.55	0.00381
7.6	0.00384
7.65	0.00386
7.7	0.00387
7.75	0.00387
7.8	0.00386
7.85	0.00384
7.9	0.0038
7.95	0.00376
8.0	0.00371
8.05	0.00365
8.1	0.00357
8.15	0.0035
8.2	0.00343
8.25	0.00336
8.3	0.00329
8.35	0.00323
8.4	0.00318
8.45	0.00313
8.5	0.0031
8.55	0.00307
8.6	0.00305
8.65	0.00303
8.7	0.00302
8.75	0.00301
8.8	0.00301
8.85	0.00301
8.9	0.00301
8.95	0.00302
9.0	0.00304
9.05	0.00305
9.1	0.00307
9.15	0.00309
9.2	0.00311
9.25	0.00312
9.3	0.00313
9.35	0.00315
9.4	0.00315
9.45	0.00316
9.5	0.00317
9.55	0.00318
9.6	0.00318
9.65	0.0032
9.7	0.00321
9.75	0.00323
9.8	0.00325
9.85	0.00327
9.9	0.0033
9.95	0.00332
10.0	0.00335
10.05	0.00337
10.1	0.0034
10.15	0.00341
10.2	0.00343
10.25	0.00343
10.3	0.00343
10.35	0.00343
10.4	0.00341
10.45	0.0034
10.5	0.00338
10.55	0.00335
10.6	0.00333
10.65	0.0033
10.7	0.00327
10.75	0.00324
10.8	0.00321
10.85	0.00318
10.9	0.00313
10.95	0.00307
11.0	0.003
11.05	0.00291
11.1	0.0028
11.15	0.00269
11.2	0.00254
11.25	0.00238
11.3	0.0022
11.35	0.00201
11.4	0.00181
11.45	0.0016
11.5	0.00139
11.55	0.0012
11.6	0.00101
11.65	0.00084
11.7	0.0007
11.75	0.00057
11.8	0.00047
11.85	0.00039
11.9	0.00033
11.95	0.00029
12.0	0.00025
12.05	0.00023
12.1	0.00023
12.15	0.00022
12.2	0.00022
12.25	0.00022
12.3	0.00022
12.35	0.00022
12.4	0.00022
12.45	0.00021
12.5	0.0002
12.55	0.0002
12.6	0.00018
12.65	0.00017
12.7	0.00015
12.75	0.00013
12.8	0.00012
12.85	0.0001
12.9	8.0e-5
12.95	6.0e-5
13.0	4.0e-5
13.05	2.0e-5
13.1	1.0e-5
13.15	-1.0e-5
13.2	-2.0e-5
13.25	-3.0e-5
13.3	-4.0e-5
13.35	-4.0e-5
13.4	-5.0e-5
13.45	-6.0e-5
13.5	-6.0e-5
13.55	-7.0e-5
13.6	-7.0e-5
13.65	-7.0e-5
13.7	-7.0e-5
13.75	-7.0e-5
13.8	-7.0e-5
13.85	-7.0e-5
13.9	-7.0e-5
13.95	-7.0e-5
14.0	-6.0e-5
14.05	-6.0e-5
14.1	-5.0e-5
14.15	-4.0e-5
14.2	-4.0e-5
14.25	-3.0e-5
14.3	-2.0e-5
14.35	-2.0e-5
14.4	-1.0e-5
14.45	-0.0
14.5	0.0
14.55	1.0e-5
14.6	1.0e-5
14.65	1.0e-5
14.7	2.0e-5
14.75	2.0e-5
14.8	2.0e-5
14.85	3.0e-5
14.9	3.0e-5
14.95	3.0e-5
15.0	3.0e-5
15.05	4.0e-5
15.1	4.0e-5
15.15	4.0e-5
15.2	5.0e-5
15.25	5.0e-5
15.3	5.0e-5
15.35	6.0e-5
15.4	6.0e-5
15.45	7.0e-5
15.5	7.0e-5
15.55	8.0e-5
15.6	8.0e-5
15.65	9.0e-5
15.7	9.0e-5
15.75	0.0001
15.8	0.00011
15.85	0.00012
15.9	0.00013
15.95	0.00014
16.0	0.00015
16.05	0.00016
16.1	0.00017
16.15	0.00018
16.2	0.00019
16.25	0.00021
16.3	0.00022
16.35	0.00024
16.4	0.00025
16.45	0.00027
16.5	0.00029
16.55	0.00031
16.6	0.00033
16.65	0.00035
16.7	0.00038
16.75	0.0004
16.8	0.00042
16.85	0.00044
16.9	0.00047
16.95	0.00049
17.0	0.00052
17.05	0.00054
17.1	0.00057
17.15	0.00061
17.2	0.00064
17.25	0.00067
17.3	0.0007
17.35	0.00073
17.4	0.00076
17.45	0.00078
17.5	0.00079
17.55	0.0008
17.6	0.0008
17.65	0.0008
17.7	0.00079
17.75	0.00078
17.8	0.00077
17.85	0.00076
17.9	0.00075
17.95	0.00073
18.0	0.00072
18.05	0.00072
18.1	0.00071
18.15	0.0007
18.2	0.0007
18.25	0.00069
18.3	0.00069
18.35	0.00069
18.4	0.00068
18.45	0.00068
18.5	0.00068
18.55	0.00067
18.6	0.00067
18.65	0.00066
18.7	0.00066
18.75	0.00066
18.8	0.00065
18.85	0.00065
18.9	0.00065
18.95	0.00065
19.0	0.00065
19.05	0.00065
19.1	0.00066
19.15	0.00066
19.2	0.00067
19.25	0.00068
19.3	0.00069
19.35	0.0007
19.4	0.00071
19.45	0.00073
19.5	0.00074
19.55	0.00075
19.6	0.00076
19.65	0.00077
19.7	0.00078
19.75	0.00078
19.8	0.00079
19.85	0.00079
19.9	0.00079
19.95	0.0008
20.0	0.0008
20.05	0.0008
20.1	0.00081
20.15	0.00082
20.2	0.00082
20.25	0.00083
20.3	0.00084
20.35	0.00085
20.4	0.00086
20.45	0.00087
20.5	0.00088
20.55	0.0009
20.6	0.00091
20.65	0.00092
20.7	0.00092
20.75	0.00093
20.8	0.00094
20.85	0.00095
20.9	0.00096
20.95	0.00096
21.0	0.00097
21.05	0.00098
21.1	0.00098
21.15	0.00099
21.2	0.001
21.25	0.001
21.3	0.00101
21.35	0.00101
21.4	0.00102
21.45	0.00102
21.5	0.00102
21.55	0.00103
21.6	0.00103
21.65	0.00103
21.7	0.00104
21.75	0.00104
21.8	0.00104
21.85	0.00104
21.9	0.00104
21.95	0.00103
22.0	0.00103
22.05	0.00102
22.1	0.00101
22.15	0.001
22.2	0.00099
22.25	0.00097
22.3	0.00096
22.35	0.00094
22.4	0.00092
22.45	0.0009
22.5	0.00088
22.55	0.00085
22.6	0.00082
22.65	0.00079
22.7	0.00076
22.75	0.00073
22.8	0.00069
22.85	0.00065
22.9	0.00061
22.95	0.00057
23.0	0.00053
23.05	0.0005
23.1	0.00046
23.15	0.00043
23.2	0.00041
23.25	0.00038
23.3	0.00036
23.35	0.00035
23.4	0.00034
23.45	0.00033
23.5	0.00033
23.55	0.00033
23.6	0.00034
23.65	0.00034
23.7	0.00035
23.75	0.00035
23.8	0.00036
23.85	0.00036
23.9	0.00037
23.95	0.00037
24.0	0.00038
24.05	0.00038
24.1	0.00038
24.15	0.00038
24.2	0.00038
24.25	0.00039
24.3	0.00039
24.35	0.00039
24.4	0.00039
24.45	0.00039
24.5	0.00038
24.55	0.00038
24.6	0.00038
24.65	0.00038
24.7	0.00037
24.75	0.00037
24.8	0.00037
24.85	0.00036
24.9	0.00036
24.95	0.00036
25.0	0.00036
25.05	0.00035
25.1	0.00035
25.15	0.00035
25.2	0.00035
25.25	0.00035
25.3	0.00035
25.35	0.00035
25.4	0.00035
25.45	0.00036
25.5	0.00036
25.55	0.00036
25.6	0.00036
25.65	0.00035
25.7	0.00035
25.75	0.00035
25.8	0.00035
25.85	0.00035
25.9	0.00035
25.95	0.00035
26.0	0.00034
26.05	0.00034
26.1	0.00033
26.15	0.00032
26.2	0.00031
26.25	0.0003
26.3	0.00029
26.35	0.00028
26.4	0.00027
26.45	0.00025
26.5	0.00024
26.55	0.00022
26.6	0.0002
26.65	0.00019
26.7	0.00018
26.75	0.00017
26.8	0.00016
26.85	0.00016
26.9	0.00015
26.95	0.00015
27.0	0.00015
27.05	0.00015
27.1	0.00016
27.15	0.00016
27.2	0.00017
27.25	0.00017
27.3	0.00018
27.35	0.00018
27.4	0.00019
27.45	0.00019
27.5	0.00019
27.55	0.0002
27.6	0.0002
27.65	0.0002
27.7	0.0002
27.75	0.0002
27.8	0.00021
27.85	0.00021
27.9	0.00021
27.95	0.00021
28.0	0.00021
28.05	0.00021
28.1	0.00021
28.15	0.0002
28.2	0.0002
28.25	0.0002
28.3	0.0002
28.35	0.0002
28.4	0.0002
28.45	0.0002
28.5	0.0002
28.55	0.00021
28.6	0.00021
28.65	0.00022
28.7	0.00023
28.75	0.00024
28.8	0.00025
28.85	0.00027
28.9	0.00029
28.95	0.00032
29.0	0.00035
29.05	0.00038
29.1	0.00041
29.15	0.00045
29.2	0.0005
29.25	0.00054
29.3	0.00059
29.35	0.00064
29.4	0.00069
29.45	0.00073
29.5	0.00077
29.55	0.00081
29.6	0.00084
29.65	0.00086
29.7	0.00088
29.75	0.0009
29.8	0.00091
29.85	0.00092
29.9	0.00093
29.95	0.00093
30.0	0.00094
30.05	0.00095
30.1	0.00096
30.15	0.00097
30.2	0.00099
30.25	0.00102
30.3	0.00105
30.35	0.00108
30.4	0.00111
30.45	0.00115
30.5	0.0012
30.55	0.00124
30.6	0.00129
30.65	0.00133
30.7	0.00137
30.75	0.00141
30.8	0.00145
30.85	0.00149
30.9	0.00152
30.95	0.00154
31.0	0.00156
31.05	0.00158
31.1	0.0016
31.15	0.00162
31.2	0.00164
31.25	0.00165
31.3	0.00166
31.35	0.00167
31.4	0.00168
31.45	0.00169
31.5	0.0017
31.55	0.00171
31.6	0.00172
31.65	0.00173
31.7	0.00174
31.75	0.00174
31.8	0.00175
31.85	0.00174
31.9	0.00174
31.95	0.00173
32.0	0.00171
32.05	0.00169
32.1	0.00166
32.15	0.00163
32.2	0.00159
32.25	0.00156
32.3	0.00152
32.35	0.00148
32.4	0.00144
32.45	0.00142
32.5	0.00139
32.55	0.00137
32.6	0.00136
32.65	0.00134
32.7	0.00133
32.75	0.00132
32.8	0.00131
32.85	0.0013
32.9	0.00129
32.95	0.00128
33.0	0.00127
33.05	0.00125
33.1	0.00124
33.15	0.00123
33.2	0.00121
33.25	0.0012
33.3	0.00119
33.35	0.00117
33.4	0.00116
33.45	0.00115
33.5	0.00114
33.55	0.00112
33.6	0.00112
33.65	0.00111
33.7	0.0011
33.75	0.00109
33.8	0.00108
33.85	0.00108
33.9	0.00107
33.95	0.00107
34.0	0.00107
34.05	0.00106
34.1	0.00106
34.15	0.00106
34.2	0.00105
34.25	0.00104
34.3	0.00103
34.35	0.00102
34.4	0.001
34.45	0.00098
34.5	0.00095
34.55	0.00091
34.6	0.00086
34.65	0.0008
34.7	0.00073
34.75	0.00067
34.8	0.00059
34.85	0.00051
34.9	0.00042
34.95	0.00034
35.0	0.00026
35.05	0.00019
35.1	0.00012
35.15	6.0e-5
35.2	1.0e-5
35.25	-4.0e-5
35.3	-8.0e-5
35.35	-0.00011
35.4	-0.00014
35.45	-0.00017
35.5	-0.00018
35.55	-0.0002
35.6	-0.00021
35.65	-0.00022
35.7	-0.00023
35.75	-0.00024
35.8	-0.00025
35.85	-0.00026
35.9	-0.00027
35.95	-0.00027
36.0	-0.00028
36.05	-0.00028
36.1	-0.00029
36.15	-0.00029
36.2	-0.00029
36.25	-0.00029
36.3	-0.0003
36.35	-0.0003
36.4	-0.0003
36.45	-0.0003
36.5	-0.0003
36.55	-0.0003
36.6	-0.0003
36.65	-0.00031
36.7	-0.00031
36.75	-0.00031
36.8	-0.00032
36.85	-0.00032
36.9	-0.00033
36.95	-0.00034
37.0	-0.00035
37.05	-0.00036
37.1	-0.00037
37.15	-0.00038
37.2	-0.00038
37.25	-0.00039
37.3	-0.00039
37.35	-0.00038
37.4	-0.00036
37.45	-0.00034
37.5	-0.00031
37.55	-0.00027
37.6	-0.00023
37.65	-0.00019
37.7	-0.00014
37.75	-9.0e-5
37.8	-4.0e-5
37.85	1.0e-5
37.9	6.0e-5
37.95	9.0e-5
38.0	0.00012
38.05	0.00015
38.1	0.00017
38.15	0.00018
38.2	0.00019
38.25	0.0002
38.3	0.00021
38.35	0.00021
38.4	0.00022
38.45	0.00022
38.5	0.00023
38.55	0.00023
38.6	0.00024
38.65	0.00024
38.7	0.00024
38.75	0.00025
38.8	0.00025
38.85	0.00025
38.9	0.00026
38.95	0.00026
39.0	0.00026
39.05	0.00026
39.1	0.00027
39.15	0.00028
39.2	0.00029
39.25	0.00031
39.3	0.00033
39.35	0.00035
39.4	0.00037
39.45	0.0004
39.5	0.00043
39.55	0.00046
39.6	0.0005
39.65	0.00053
39.7	0.00056
39.75	0.00058
39.8	0.00061
39.85	0.00063
39.9	0.00065
39.95	0.00066
40.0	0.00068
40.05	0.0007
40.1	0.00071
40.15	0.00073
40.2	0.00077
40.25	0.00081
40.3	0.00086
40.35	0.00094
40.4	0.00104
40.45	0.00118
40.5	0.00135
40.55	0.00156
40.6	0.00181
40.65	0.00209
40.7	0.00242
40.75	0.00278
40.8	0.00315
40.85	0.00353
40.9	0.00392
40.95	0.00429
41.0	0.00465
41.05	0.00498
41.1	0.00526
41.15	0.00552
41.2	0.00574
41.25	0.00592
41.3	0.00607
41.35	0.00619
41.4	0.00628
41.45	0.00635
41.5	0.00641
41.55	0.00646
41.6	0.0065
41.65	0.00653
41.7	0.00656
41.75	0.00658
41.8	0.00661
41.85	0.00663
41.9	0.00664
41.95	0.00666
42.0	0.00667
42.05	0.00668
42.1	0.00668
42.15	0.00669
42.2	0.00668
42.25	0.00668
42.3	0.00666
42.35	0.00665
42.4	0.00663
42.45	0.00662
42.5	0.0066
42.55	0.00659
42.6	0.00658
42.65	0.00657
42.7	0.00656
42.75	0.00656
42.8	0.00656
42.85	0.00657
42.9	0.00657
42.95	0.00658
43.0	0.00658
43.05	0.00658
43.1	0.00656
43.15	0.00653
43.2	0.00648
43.25	0.0064
43.3	0.00628
43.35	0.00611
43.4	0.00591
43.45	0.00566
43.5	0.00536
43.55	0.00501
43.6	0.00462
43.65	0.00421
43.7	0.00378
43.75	0.00336
43.8	0.00295
43.85	0.00257
43.9	0.00221
43.95	0.00191
44.0	0.00164
44.05	0.00143
44.1	0.00126
44.15	0.00113
44.2	0.00103
44.25	0.00096
44.3	0.00092
44.35	0.00088
44.4	0.00085
44.45	0.00083
44.5	0.00081
44.55	0.00079
44.6	0.00077
44.65	0.00076
44.7	0.00075
44.75	0.00074
44.8	0.00073
44.85	0.00072
44.9	0.00073
44.95	0.00075
45.0	0.00077
45.05	0.00079
45.1	0.00082
45.15	0.00086
45.2	0.00091
45.25	0.00095
45.3	0.001
45.35	0.00105
45.4	0.0011
45.45	0.00114
45.5	0.00119
45.55	0.00124
45.6	0.00128
45.65	0.00132
45.7	0.00136
45.75	0.0014
45.8	0.00143
45.85	0.00146
45.9	0.00147
45.95	0.00148
46.0	0.00148
46.05	0.00147
46.1	0.00145
46.15	0.00142
46.2	0.00138
46.25	0.00133
46.3	0.00128
46.35	0.00122
46.4	0.00116
46.45	0.0011
46.5	0.00105
46.55	0.001
46.6	0.00095
46.65	0.00091
46.7	0.00086
46.75	0.00083
46.8	0.00079
46.85	0.00076
46.9	0.00073
46.95	0.0007
47.0	0.00068
47.05	0.00065
47.1	0.00063
47.15	0.0006
47.2	0.00058
47.25	0.00055
47.3	0.00053
47.35	0.00052
47.4	0.00051
47.45	0.0005
47.5	0.00049
47.55	0.00048
47.6	0.00047
47.65	0.00047
47.7	0.00047
47.75	0.00047
47.8	0.00047
47.85	0.00046
47.9	0.00046
47.95	0.00046
48.0	0.00045
48.05	0.00045
48.1	0.00044
48.15	0.00043
48.2	0.00042
48.25	0.00042
48.3	0.00041
48.35	0.0004
48.4	0.00039
48.45	0.00038
48.5	0.00037
48.55	0.00036
48.6	0.00036
48.65	0.00035
48.7	0.00034
48.75	0.00034
48.8	0.00033
48.85	0.00032
48.9	0.00032
48.95	0.00031
49.0	0.0003
49.05	0.0003
49.1	0.0003
49.15	0.0003
49.2	0.00029
49.25	0.00029
49.3	0.0003
49.35	0.0003
49.4	0.0003
49.45	0.00031
49.5	0.00031
49.55	0.00031
49.6	0.00032
49.65	0.00033
49.7	0.00033
49.75	0.00034
49.8	0.00034
49.85	0.00035
49.9	0.00036
49.95	0.00036
50.0	0.00037
50.05	0.00037
50.1	0.00037
50.15	0.00038
50.2	0.00038
50.25	0.00038
50.3	0.00038
50.35	0.00038
50.4	0.00038
50.45	0.00037
50.5	0.00037
50.55	0.00036
50.6	0.00035
50.65	0.00034
50.7	0.00033
50.75	0.00032
50.8	0.0003
50.85	0.00029
50.9	0.00028
50.95	0.00026
51.0	0.00025
51.05	0.00024
51.1	0.00024
51.15	0.00024
51.2	0.00025
51.25	0.00027
51.3	0.0003
51.35	0.00033
51.4	0.00036
51.45	0.0004
51.5	0.00043
51.55	0.00047
51.6	0.00051
51.65	0.00054
51.7	0.00057
51.75	0.00059
51.8	0.00061
51.85	0.00063
51.9	0.00065
51.95	0.00067
52.0	0.00068
52.05	0.00069
52.1	0.0007
52.15	0.00071
52.2	0.00072
52.25	0.00072
52.3	0.00073
52.35	0.00073
52.4	0.00073
52.45	0.00074
52.5	0.00075
52.55	0.00075
52.6	0.00077
52.65	0.00078
52.7	0.0008
52.75	0.00082
52.8	0.00085
52.85	0.00088
52.9	0.00091
52.95	0.00095
53.0	0.00098
53.05	0.00101
53.1	0.00103
53.15	0.00106
53.2	0.00108
53.25	0.0011
53.3	0.00111
53.35	0.00113
53.4	0.00114
53.45	0.00116
53.5	0.00118
53.55	0.0012
53.6	0.00122
53.65	0.00125
53.7	0.00128
53.75	0.00132
53.8	0.00137
53.85	0.00142
53.9	0.00147
53.95	0.00154
54.0	0.0016
54.05	0.00168
54.1	0.00176
54.15	0.00184
54.2	0.00192
54.25	0.00201
54.3	0.00209
54.35	0.00217
54.4	0.00225
54.45	0.00233
54.5	0.00239
54.55	0.00244
54.6	0.00248
54.65	0.00252
54.7	0.00255
54.75	0.00257
54.8	0.00259
54.85	0.0026
54.9	0.00261
54.95	0.00261
55.0	0.00261
55.05	0.00262
55.1	0.00262
55.15	0.00263
55.2	0.00263
55.25	0.00264
55.3	0.00265
55.35	0.00265
55.4	0.00267
55.45	0.00268
55.5	0.00269
55.55	0.0027
55.6	0.00271
55.65	0.00273
55.7	0.00274
55.75	0.00275
55.8	0.00275
55.85	0.00276
55.9	0.00276
55.95	0.00276
56.0	0.00275
56.05	0.00274
56.1	0.00272
56.15	0.0027
56.2	0.00268
56.25	0.00265
56.3	0.00262
56.35	0.00259
56.4	0.00256
56.45	0.00253
56.5	0.0025
56.55	0.00248
56.6	0.00246
56.65	0.00244
56.7	0.00243
56.75	0.00242
56.8	0.00242
56.85	0.00242
56.9	0.00243
56.95	0.00244
57.0	0.00245
57.05	0.00246
57.1	0.00247
57.15	0.00248
57.2	0.00248
57.25	0.00249
57.3	0.00248
57.35	0.00248
57.4	0.00247
57.45	0.00246
57.5	0.00244
57.55	0.00242
57.6	0.0024
57.65	0.00238
57.7	0.00236
57.75	0.00234
57.8	0.00233
57.85	0.00231
57.9	0.0023
57.95	0.00229
58.0	0.00228
58.05	0.00227
58.1	0.00226
58.15	0.00225
58.2	0.00223
58.25	0.00222
58.3	0.00219
58.35	0.00216
58.4	0.00212
58.45	0.00207
58.5	0.00201
58.55	0.00193
58.6	0.00184
58.65	0.00174
58.7	0.00163
58.75	0.00151
58.8	0.00138
58.85	0.00125
58.9	0.00113
58.95	0.001
59.0	0.00089
59.05	0.00078
59.1	0.00069
59.15	0.00061
59.2	0.00054
59.25	0.00047
59.3	0.00042
59.35	0.00037
59.4	0.00032
59.45	0.00027
59.5	0.00022
59.55	0.00016
59.6	0.0001
59.65	3.0e-5
59.7	-4.0e-5
59.75	-0.00012
59.8	-0.00021
59.85	-0.0003
59.9	-0.00039
59.95	-0.00048
60.0	-0.00057
60.05	-0.00066
60.1	-0.00073
60.15	-0.0008
60.2	-0.00086
60.25	-0.00092
60.3	-0.00096
60.35	-0.001
60.4	-0.00103
60.45	-0.00105
60.5	-0.00107
60.55	-0.00108
60.6	-0.00109
60.65	-0.0011
60.7	-0.0011
60.75	-0.0011
60.8	-0.0011
60.85	-0.0011
60.9	-0.00109
60.95	-0.00108
61.0	-0.00107
61.05	-0.00106
61.1	-0.00105
61.15	-0.00104
61.2	-0.00103
61.25	-0.00102
61.3	-0.00102
61.35	-0.00101
61.4	-0.001
61.45	-0.00099
61.5	-0.00098
61.55	-0.00096
61.6	-0.00094
61.65	-0.00091
61.7	-0.00087
61.75	-0.00083
61.8	-0.00077
61.85	-0.00071
61.9	-0.00065
61.95	-0.00058
62.0	-0.00051
62.05	-0.00043
62.1	-0.00035
62.15	-0.00027
62.2	-0.0002
62.25	-0.00013
62.3	-6.0e-5
62.35	-0.0
62.4	5.0e-5
62.45	0.0001
62.5	0.00014
62.55	0.00017
62.6	0.00019
62.65	0.00021
62.7	0.00023
62.75	0.00024
62.8	0.00025
62.85	0.00025
62.9	0.00026
62.95	0.00027
63.0	0.00027
63.05	0.00029
63.1	0.0003
63.15	0.00032
63.2	0.00034
63.25	0.00038
63.3	0.00042
63.35	0.00046
63.4	0.0005
63.45	0.00056
63.5	0.00062
63.55	0.00069
63.6	0.00075
63.65	0.00081
63.7	0.00086
63.75	0.00091
63.8	0.00096
63.85	0.00099
63.9	0.00102
63.95	0.00104
64.0	0.00105
64.05	0.00106
64.1	0.00108
64.15	0.00109
64.2	0.00111
64.25	0.00114
64.3	0.00117
64.35	0.0012
64.4	0.00123
64.45	0.00128
64.5	0.00132
64.55	0.00137
64.6	0.00142
64.65	0.00146
64.7	0.0015
64.75	0.00154
64.8	0.00157
64.85	0.00159
64.9	0.00161
64.95	0.00162
65.0	0.00163
65.05	0.00165
65.1	0.00167
65.15	0.0017
65.2	0.00173
65.25	0.0018
65.3	0.00189
65.35	0.002
65.4	0.00216
65.45	0.00237
65.5	0.00264
65.55	0.00296
65.6	0.00333
65.65	0.00376
65.7	0.00423
65.75	0.00475
65.8	0.00529
65.85	0.00583
65.9	0.00638
65.95	0.00691
66.0	0.00739
66.05	0.00783
66.1	0.00822
66.15	0.00856
66.2	0.00883
66.25	0.00905
66.3	0.00922
66.35	0.00935
66.4	0.00943
66.45	0.0095
66.5	0.00953
66.55	0.00954
66.6	0.00954
66.65	0.00953
66.7	0.00951
66.75	0.00949
66.8	0.00947
66.85	0.00945
66.9	0.00944
66.95	0.00943
67.0	0.00942
67.05	0.00942
67.1	0.00942
67.15	0.00942
67.2	0.00942
67.25	0.00942
67.3	0.0094
67.35	0.00938
67.4	0.00932
67.45	0.00924
67.5	0.00912
67.55	0.00895
67.6	0.00873
67.65	0.00846
67.7	0.00814
67.75	0.00776
67.8	0.00734
67.85	0.00689
67.9	0.0064
67.95	0.00591
68.0	0.00541
68.05	0.00493
68.1	0.00447
68.15	0.00404
68.2	0.00365
68.25	0.0033
68.3	0.003
68.35	0.00274
68.4	0.00253
68.45	0.00237
68.5	0.00223
68.55	0.00213
68.6	0.00206
68.65	0.00201
68.7	0.00198
68.75	0.00196
68.8	0.00194
68.85	0.00193
68.9	0.00193
68.95	0.00193
69.0	0.00193
69.05	0.00193
69.1	0.00193
69.15	0.00193
69.2	0.00193
69.25	0.00194
69.3	0.00194
69.35	0.00195
69.4	0.00195
69.45	0.00196
69.5	0.00197
69.55	0.00198
69.6	0.00199
69.65	0.002
69.7	0.00202
69.75	0.00203
69.8	0.00204
69.85	0.00206
69.9	0.00207
69.95	0.00208
70.0	0.0021
70.05	0.00211
70.1	0.00211
70.15	0.00212
70.2	0.00212
70.25	0.00211
70.3	0.00211
70.35	0.0021
70.4	0.0021
70.45	0.00209
70.5	0.00208
70.55	0.00207
70.6	0.00206
70.65	0.00205
70.7	0.00203
70.75	0.00202
70.8	0.00201
70.85	0.00199
70.9	0.00198
70.95	0.00196
71.0	0.00194
71.05	0.00191
71.1	0.00188
71.15	0.00185
71.2	0.00181
71.25	0.00176
71.3	0.00171
71.35	0.00165
71.4	0.00158
71.45	0.00151
71.5	0.00143
71.55	0.00135
71.6	0.00126
71.65	0.00117
71.7	0.00108
71.75	0.001
71.8	0.00092
71.85	0.00086
71.9	0.0008
71.95	0.00075
72.0	0.0007
72.05	0.00067
72.1	0.00065
72.15	0.00063
72.2	0.00063
72.25	0.00064
72.3	0.00065
72.35	0.00068
72.4	0.00072
72.45	0.00078
72.5	0.00084
72.55	0.00093
72.6	0.00102
72.65	0.00113
72.7	0.00126
72.75	0.00139
72.8	0.00152
72.85	0.00164
72.9	0.00176
72.95	0.00187
73.0	0.00196
73.05	0.00204
73.1	0.00208
73.15	0.00211
73.2	0.0021
73.25	0.00208
73.3	0.00203
73.35	0.00197
73.4	0.00189
73.45	0.00179
73.5	0.00169
73.55	0.00157
73.6	0.00145
73.65	0.00133
73.7	0.00122
73.75	0.00111
73.8	0.00101
73.85	0.00092
73.9	0.00085
73.95	0.00079
74.0	0.00074
74.05	0.0007
74.1	0.00067
74.15	0.00065
74.2	0.00064
74.25	0.00064
74.3	0.00064
74.35	0.00065
74.4	0.00066
74.45	0.00066
74.5	0.00067
74.55	0.00068
74.6	0.00069
74.65	0.0007
74.7	0.00071
74.75	0.00071
74.8	0.00072
74.85	0.00072
74.9	0.00073
74.95	0.00073
75.0	0.00073
75.05	0.00073
75.1	0.00073
75.15	0.00073
75.2	0.00072
75.25	0.00072
75.3	0.00071
75.35	0.0007
75.4	0.00069
75.45	0.00068
75.5	0.00067
75.55	0.00066
75.6	0.00065
75.65	0.00064
75.7	0.00063
75.75	0.00063
75.8	0.00062
75.85	0.00062
75.9	0.00061
75.95	0.00061
76.0	0.00061
76.05	0.00061
76.1	0.00061
76.15	0.0006
76.2	0.0006
76.25	0.0006
76.3	0.0006
76.35	0.0006
76.4	0.0006
76.45	0.00059
76.5	0.00059
76.55	0.00059
76.6	0.00059
76.65	0.00059
76.7	0.0006
76.75	0.00062
76.8	0.00064
76.85	0.00066
76.9	0.0007
76.95	0.00074
77.0	0.0008
77.05	0.00086
77.1	0.00092
77.15	0.00099
77.2	0.00106
77.25	0.00114
77.3	0.00121
77.35	0.00128
77.4	0.00135
77.45	0.0014
77.5	0.00145
77.55	0.0015
77.6	0.00154
77.65	0.00157
77.7	0.00159
77.75	0.00161
77.8	0.00162
77.85	0.00163
77.9	0.00163
77.95	0.00164
78.0	0.00164
78.05	0.00164
78.1	0.00165
78.15	0.00165
78.2	0.00165
78.25	0.00165
78.3	0.00165
78.35	0.00165
78.4	0.00165
78.45	0.00165
78.5	0.00164
78.55	0.00163
78.6	0.00163
78.65	0.00162
78.7	0.00161
78.75	0.00159
78.8	0.00158
78.85	0.00157
78.9	0.00155
78.95	0.00154
79.0	0.00153
79.05	0.00152
79.1	0.00151
79.15	0.0015
79.2	0.00149
79.25	0.00149
79.3	0.00148
79.35	0.00148
79.4	0.00147
79.45	0.00147
79.5	0.00147
79.55	0.00147
79.6	0.00147
79.65	0.00147
79.7	0.00148
79.75	0.00148
79.8	0.00149
79.85	0.0015
79.9	0.0015
79.95	0.00151
80.0	0.00151
80.05	0.00152
80.1	0.00152
80.15	0.00152
80.2	0.00151
80.25	0.00149
80.3	0.00147
80.35	0.00144
80.4	0.00139
80.45	0.00134
80.5	0.00127
80.55	0.0012
80.6	0.0011
80.65	0.001
80.7	0.0009
80.75	0.00079
80.8	0.00067
80.85	0.00056
80.9	0.00045
80.95	0.00035
81.0	0.00025
81.05	0.00016
81.1	9.0e-5
81.15	2.0e-5
81.2	-3.0e-5
81.25	-7.0e-5
81.3	-0.0001
81.35	-0.00012
81.4	-0.00013
81.45	-0.00014
81.5	-0.00015
81.55	-0.00015
81.6	-0.00016
81.65	-0.00016
81.7	-0.00016
81.75	-0.00016
81.8	-0.00016
81.85	-0.00016
81.9	-0.00017
81.95	-0.00018
82.0	-0.00019
82.05	-0.0002
82.1	-0.00022
82.15	-0.00024
82.2	-0.00026
82.25	-0.00028
82.3	-0.0003
82.35	-0.00033
82.4	-0.00035
82.45	-0.00037
82.5	-0.00039
82.55	-0.00041
82.6	-0.00042
82.65	-0.00044
82.7	-0.00045
82.75	-0.00046
82.8	-0.00046
82.85	-0.00047
82.9	-0.00047
82.95	-0.00047
83.0	-0.00047
83.05	-0.00047
83.1	-0.00047
83.15	-0.00046
83.2	-0.00046
83.25	-0.00045
83.3	-0.00044
83.35	-0.00043
83.4	-0.00042
83.45	-0.00041
83.5	-0.0004
83.55	-0.00039
83.6	-0.00038
83.65	-0.00037
83.7	-0.00036
83.75	-0.00035
83.8	-0.00034
83.85	-0.00033
83.9	-0.00032
83.95	-0.0003
84.0	-0.00029
84.05	-0.00027
84.1	-0.00025
84.15	-0.00023
84.2	-0.00021
84.25	-0.00018
84.3	-0.00016
84.35	-0.00014
84.4	-0.00012
84.45	-0.0001
84.5	-8.0e-5
84.55	-6.0e-5
84.6	-5.0e-5
84.65	-3.0e-5
84.7	-2.0e-5
84.75	-1.0e-5
84.8	-1.0e-5
84.85	0.0
84.9	1.0e-5
84.95	1.0e-5
85.0	1.0e-5
85.05	2.0e-5
85.1	2.0e-5
85.15	2.0e-5
85.2	2.0e-5
85.25	3.0e-5
85.3	3.0e-5
85.35	3.0e-5
85.4	3.0e-5
85.45	4.0e-5
85.5	5.0e-5
85.55	5.0e-5
85.6	6.0e-5
85.65	8.0e-5
85.7	9.0e-5
85.75	0.00011
85.8	0.00014
85.85	0.00016
85.9	0.00019
85.95	0.00022
86.0	0.00025
86.05	0.00028
86.1	0.0003
86.15	0.00033
86.2	0.00035
86.25	0.00037
86.3	0.00039
86.35	0.0004
86.4	0.00041
86.45	0.00042
86.5	0.00043
86.55	0.00043
86.6	0.00043
86.65	0.00044
86.7	0.00044
86.75	0.00043
86.8	0.00043
86.85	0.00043
86.9	0.00043
86.95	0.00043
87.0	0.00043
87.05	0.00044
87.1	0.00044
87.15	0.00044
87.2	0.00044
87.25	0.00044
87.3	0.00044
87.35	0.00044
87.4	0.00044
87.45	0.00043
87.5	0.00043
87.55	0.00043
87.6	0.00043
87.65	0.00042
87.7	0.00042
87.75	0.00042
87.8	0.00041
87.85	0.00041
87.9	0.00041
87.95	0.0004
88.0	0.0004
88.05	0.0004
88.1	0.0004
88.15	0.0004
88.2	0.0004
88.25	0.00039
88.3	0.00039
88.35	0.00039
88.4	0.00039
88.45	0.00039
88.5	0.00039
88.55	0.00039
88.6	0.00039
88.65	0.00039
88.7	0.00039
88.75	0.00039
88.8	0.00039
88.85	0.00038
88.9	0.00038
88.95	0.00037
89.0	0.00037
89.05	0.00036
89.1	0.00035
89.15	0.00033
89.2	0.00032
89.25	0.00031
89.3	0.00029
89.35	0.00028
89.4	0.00026
89.45	0.00025
89.5	0.00024
89.55	0.00022
89.6	0.00021
89.65	0.00021
89.7	0.0002
89.75	0.00019
89.8	0.00018
89.85	0.00018
89.9	0.00017
89.95	0.00016
90.0	0.00016
90.05	0.00015
90.1	0.00014
90.15	0.00014
90.2	0.00013
90.25	0.00013
90.3	0.00012
90.35	0.00011
90.4	0.00011
90.45	0.00011
90.5	0.0001
90.55	0.0001
90.6	0.0001
90.65	0.0001
90.7	0.0001
90.75	0.0001
90.8	0.0001
90.85	9.0e-5
90.9	9.0e-5
90.95	9.0e-5
91.0	9.0e-5
91.05	9.0e-5
91.1	9.0e-5
91.15	9.0e-5
91.2	9.0e-5
91.25	9.0e-5
91.3	9.0e-5
91.35	9.0e-5
91.4	9.0e-5
91.45	9.0e-5
91.5	9.0e-5
91.55	9.0e-5
91.6	9.0e-5
91.65	9.0e-5
91.7	9.0e-5
91.75	9.0e-5
91.8	8.0e-5
91.85	7.0e-5
91.9	6.0e-5
91.95	5.0e-5
92.0	4.0e-5
92.05	2.0e-5
92.1	0.0
92.15	-2.0e-5
92.2	-4.0e-5
92.25	-6.0e-5
92.3	-8.0e-5
92.35	-0.0001
92.4	-0.00012
92.45	-0.00014
92.5	-0.00016
92.55	-0.00017
92.6	-0.00018
92.65	-0.0002
92.7	-0.00021
92.75	-0.00021
92.8	-0.00022
92.85	-0.00023
92.9	-0.00023
92.95	-0.00023
93.0	-0.00023
93.05	-0.00023
93.1	-0.00023
93.15	-0.00023
93.2	-0.00022
93.25	-0.00022
93.3	-0.00021
93.35	-0.0002
93.4	-0.00019
93.45	-0.00018
93.5	-0.00016
93.55	-0.00015
93.6	-0.00014
93.65	-0.00012
93.7	-0.00011
93.75	-9.0e-5
93.8	-8.0e-5
93.85	-7.0e-5
93.9	-6.0e-5
93.95	-5.0e-5
94.0	-4.0e-5
94.05	-3.0e-5
94.1	-3.0e-5
94.15	-2.0e-5
94.2	-1.0e-5
94.25	-1.0e-5
94.3	-1.0e-5
94.35	-0.0
94.4	0.0
94.45	0.0
94.5	0.0
94.55	0.0
94.6	0.0
94.65	0.0
94.7	0.0
94.75	0.0
94.8	0.0
94.85	0.0
94.9	0.0
94.95	0.0
95.0	0.0
95.05	0.0
95.1	0.0
95.15	-1.0e-5
95.2	-1.0e-5
95.25	-2.0e-5
95.3	-3.0e-5
95.35	-4.0e-5
95.4	-6.0e-5
95.45	-8.0e-5
95.5	-0.0001
95.55	-0.00012
95.6	-0.00015
95.65	-0.00018
95.7	-0.0002
95.75	-0.00023
95.8	-0.00026
95.85	-0.00029
95.9	-0.00032
95.95	-0.00034
96.0	-0.00036
96.05	-0.00037
96.1	-0.00039
96.15	-0.00039
96.2	-0.0004
96.25	-0.00041
96.3	-0.00041
96.35	-0.00041
96.4	-0.00042
96.45	-0.00042
96.5	-0.00042
96.55	-0.00042
96.6	-0.00042
96.65	-0.00043
96.7	-0.00043
96.75	-0.00043
96.8	-0.00043
96.85	-0.00043
96.9	-0.00043
96.95	-0.00043
97.0	-0.00043
97.05	-0.00043
97.1	-0.00043
97.15	-0.00043
97.2	-0.00043
97.25	-0.00043
97.3	-0.00043
97.35	-0.00042
97.4	-0.00042
97.45	-0.00042
97.5	-0.00042
97.55	-0.00042
97.6	-0.00041
97.65	-0.00041
97.7	-0.00041
97.75	-0.0004
97.8	-0.0004
97.85	-0.0004
97.9	-0.00039
97.95	-0.00039
98.0	-0.00039
98.05	-0.00039
98.1	-0.00039
98.15	-0.00039
98.2	-0.00039
98.25	-0.00039
98.3	-0.00038
98.35	-0.00038
98.4	-0.00038
98.45	-0.00038
98.5	-0.00038
98.55	-0.00038
98.6	-0.00037
98.65	-0.00037
98.7	-0.00037
98.75	-0.00036
98.8	-0.00036
98.85	-0.00036
98.9	-0.00035
98.95	-0.00035
99.0	-0.00034
99.05	-0.00034
99.1	-0.00034
99.15	-0.00033
99.2	-0.00033
99.25	-0.00033
99.3	-0.00033
99.35	-0.00033
99.4	-0.00033
99.45	-0.00033
99.5	-0.00033
99.55	-0.00033
99.6	-0.00033
99.65	-0.00033
99.7	-0.00033
99.75	-0.00033
99.8	-0.00033
99.85	-0.00033
99.9	-0.00033
99.95	-0.00033
100.0	-0.00034
100.05	-0.00034
100.1	-0.00034
100.15	-0.00035
100.2	-0.00035
100.25	-0.00036
100.3	-0.00036
100.35	-0.00036
100.4	-0.00037
100.45	-0.00037
100.5	-0.00037
100.55	-0.00037
100.6	-0.00037
100.65	-0.00037
100.7	-0.00037
100.75	-0.00037
100.8	-0.00037
100.85	-0.00037
100.9	-0.00037
100.95	-0.00037
101.0	-0.00037
101.05	-0.00037
101.1	-0.00037
101.15	-0.00037
101.2	-0.00037
101.25	-0.00037
101.3	-0.00037
101.35	-0.00037
101.4	-0.00037
101.45	-0.00037
101.5	-0.00037
101.55	-0.00037
101.6	-0.00037
101.65	-0.00037
101.7	-0.00037
101.75	-0.00037
101.8	-0.00036
101.85	-0.00036
101.9	-0.00036
101.95	-0.00036
102.0	-0.00036
102.05	-0.00036
102.1	-0.00036
102.15	-0.00035
102.2	-0.00035
102.25	-0.00035
102.3	-0.00034
102.35	-0.00034
102.4	-0.00033
102.45	-0.00033
102.5	-0.00032
102.55	-0.00032
102.6	-0.00031
102.65	-0.00031
102.7	-0.0003
102.75	-0.0003
102.8	-0.0003
102.85	-0.00029
102.9	-0.00029
102.95	-0.00029
103.0	-0.00029
103.05	-0.00028
103.1	-0.00028
103.15	-0.00028
103.2	-0.00028
103.25	-0.00028
103.3	-0.00027
103.35	-0.00027
103.4	-0.00027
103.45	-0.00026
103.5	-0.00026
103.55	-0.00026
103.6	-0.00026
103.65	-0.00025
103.7	-0.00025
103.75	-0.00025
103.8	-0.00025
103.85	-0.00025
103.9	-0.00025
103.95	-0.00025
104.0	-0.00025
