# AK135 Model From Herrmann's Website
# This is the full version of the model that MM1D reads
# Depth(km) Vp(km/s) Vs(km/s) Rho(g/cm^3) Qs	Radial_Anisotropy
0  5.8000 3.4600 2.7200 99999999 0
20 5.8000 3.4600 2.7200 99999999 0
20 6.5000 3.8500 2.9200 99999999 0
35 6.5000 3.8500 2.9200 99999999 0
35 8.0425 4.4850 3.3326 99999999 0
77.5 8.0425 4.4850 3.3326 99999999 0
77.5 8.0475 4.4950 3.3584 99999999 0
120 8.0475 4.4950 3.3584 99999999 0
120 8.1123 4.5045 3.3990 99999999 0
165 8.1123 4.5045 3.3990 99999999 0
165 8.2374 4.5137 3.3477 99999999 0
210 8.2374 4.5137 3.3477 99999999 0
210 8.3905 4.5634 3.3453 99999999 0
260 8.3905 4.5634 3.3453 99999999 0
260 8.5726 4.6525 3.3886 99999999 0
310 8.5726 4.6525 3.3886 99999999 0
310 8.7553 4.7394 3.4344 99999999 0
360 8.7553 4.7394 3.4344 99999999 0
360 8.9380 4.8263 3.4822 99999999 0
410 8.9380 4.8263 3.4822 99999999 0
410 9.4433 5.1330 3.9295 99999999 0
460 9.4433 5.1330 3.9295 99999999 0
460 9.6114 5.2388 3.9253 99999999 0
510 9.6114 5.2388 3.9253 99999999 0
510 9.7794 5.3450 3.9225 99999999 0
560 9.7794 5.3450 3.9225 99999999 0
560 9.9473 5.4513 3.9212 99999999 0
610 9.9473 5.4513 3.9212 99999999 0
610 10.1153 5.5570 3.9204 99999999 0
660 10.1153 5.5570 3.9204 99999999 0
660 10.8562 6.0246 4.2687 99999999 0
710 10.8562 6.0246 4.2687 99999999 0
710 10.9883 6.1493 4.3275 99999999 0
760 10.9883 6.1493 4.3275 99999999 0
760 11.0953 6.2262 4.3842 99999999 0
809.5 11.0953 6.2262 4.3842 99999999 0
809.5 11.1790 6.2611 4.4384 99999999 0
859 11.1790 6.2611 4.4384 99999999 0
859 11.2646 6.2981 4.4906 99999999 0
908.5 11.2646 6.2981 4.4906 99999999 0
908.5 11.3481 6.3341 4.5408 99999999 0
958 11.3481 6.3341 4.5408 99999999 0
958 11.4299 6.3689 4.5790 99999999 0
1007.5 11.4299 6.3689 4.5790 99999999 0
1007.5 11.5097 6.4021 4.6062 99999999 0
1057 11.5097 6.4021 4.6062 99999999 0
1057 11.5878 6.4348 4.6333 99999999 0
1106.5 11.5878 6.4348 4.6333 99999999 0
1106.5 11.6641 6.4668 4.6601 99999999 0
1156 11.6641 6.4668 4.6601 99999999 0
1156 11.7393 6.4976 4.6868 99999999 0
1205.5 11.7393 6.4976 4.6868 99999999 0
1205.5 11.8128 6.5281 4.7134 99999999 0
1255 11.8128 6.5281 4.7134 99999999 0
1255 11.8848 6.5579 4.7397 99999999 0
1304.5 11.8848 6.5579 4.7397 99999999 0
1304.5 11.9549 6.5868 4.7659 99999999 0
1354 11.9549 6.5868 4.7659 99999999 0
1354 12.0230 6.6147 4.7920 99999999 0
1403.5 12.0230 6.6147 4.7920 99999999 0
1403.5 12.0908 6.6419 4.8179 99999999 0
1453 12.0908 6.6419 4.8179 99999999 0
1453 12.1579 6.6683 4.8435 99999999 0
1502.5 12.1579 6.6683 4.8435 99999999 0
1502.5 12.2234 6.6941 4.8689 99999999 0
1552 12.2234 6.6941 4.8689 99999999 0
1552 12.2869 6.7196 4.8943 99999999 0
1601.5 12.2869 6.7196 4.8943 99999999 0
1601.5 12.3496 6.7451 4.9195 99999999 0
1651 12.3496 6.7451 4.9195 99999999 0
1651 12.4119 6.7699 4.9445 99999999 0
1700.5 12.4119 6.7699 4.9445 99999999 0
1700.5 12.4728 6.7938 4.9693 99999999 0
1750 12.4728 6.7938 4.9693 99999999 0
1750 12.5333 6.8172 4.9939 99999999 0
1799.5 12.5333 6.8172 4.9939 99999999 0
1799.5 12.5931 6.8403 5.0184 99999999 0
1849 12.5931 6.8403 5.0184 99999999 0
1849 12.6516 6.8630 5.0427 99999999 0
1898.5 12.6516 6.8630 5.0427 99999999 0
1898.5 12.7095 6.8857 5.0668 99999999 0
1948 12.7095 6.8857 5.0668 99999999 0
1948 12.7669 6.9083 5.0908 99999999 0
1997.5 12.7669 6.9083 5.0908 99999999 0
1997.5 12.8239 6.9305 5.1146 99999999 0
2047 12.8239 6.9305 5.1146 99999999 0
2047 12.8808 6.9520 5.1382 99999999 0
2096.5 12.8808 6.9520 5.1382 99999999 0
2096.5 12.9377 6.9738 5.1616 99999999 0
2146 12.9377 6.9738 5.1616 99999999 0
2146 12.9944 6.9960 5.1848 99999999 0
2195.5 12.9944 6.9960 5.1848 99999999 0
2195.5 13.0505 7.0177 5.2078 99999999 0
2245 13.0505 7.0177 5.2078 99999999 0
2245 13.1061 7.0395 5.2306 99999999 0
2294.5 13.1061 7.0395 5.2306 99999999 0
2294.5 13.1615 7.0613 5.2533 99999999 0
2344 13.1615 7.0613 5.2533 99999999 0
2344 13.2179 7.0827 5.2758 99999999 0
2393.5 13.2179 7.0827 5.2758 99999999 0
2393.5 13.2740 7.1038 5.2981 99999999 0
2443 13.2740 7.1038 5.2981 99999999 0
2443 13.3300 7.1256 5.3202 99999999 0
2492.5 13.3300 7.1256 5.3202 99999999 0
2492.5 13.3869 7.1476 5.3422 99999999 0
2542 13.3869 7.1476 5.3422 99999999 0
2542 13.4448 7.1694 5.3639 99999999 0
2591.5 13.4448 7.1694 5.3639 99999999 0
2591.5 13.5025 7.1917 5.3855 99999999 0
2640 13.5025 7.1917 5.3855 99999999 0
2640 13.5604 7.2142 5.4069 99999999 0
2690 13.5604 7.2142 5.4069 99999999 0
2690 13.6198 7.2369 5.4282 99999999 0
2740 13.6198 7.2369 5.4282 99999999 0
2740 13.6516 7.2539 5.7065 99999999 0
2789.67 13.6516 7.2539 5.7065 99999999 0
2789.67 13.6552 7.2646 5.7327 99999999 0
2839.33 13.6552 7.2646 5.7327 99999999 0
2839.33 13.6585 7.2758 5.7590 99999999 0
2891.5 13.6585 7.2758 5.7590 99999999 0