#FEM Mesh for Surface Wave Dispersion according to Haney and Tsai.
# Layer thickness (km)
  0.5
  0.5
  0.5
  0.5
  0.5
  0.5
  0.5
  0.5
  0.5
  0.5
  1.0
  1.0
  1.0
  1.0
  1.0
  1.0
  1.0
  1.0
  1.0
  1.0
  1.0
  1.0
  1.0
  1.0
  1.0
  1.0
  1.0
  1.0
  1.0
  1.0
  1.0
  1.0
  1.0
  1.0
  1.0
  1.0
  1.0
  1.0
  1.0
  1.0
  1.0
  1.0
  1.5
  1.5
  1.5
  1.5
  1.5
  1.5
  1.5
  1.5
  1.5
  1.5
  1.5
  1.5
  1.5
  1.5
  1.5
  1.5
  1.5
  1.5
  1.5
  1.5
  2.0
  2.0
  2.0
  2.0
  2.0
  2.0
  2.0
  2.0
  2.0
  2.0
  2.0
  2.0
  2.0
  2.0
  2.5
  2.5
  2.5
  2.5
  2.5
  2.5
  2.5
  2.5
  2.5
  2.5
  2.5
  2.6
  2.6
  2.7
  2.7
  2.8
  2.9
  2.9
  3.0
  3.0
  3.1
  3.2
  3.2
  3.3
  3.4
  3.4
  3.5
  3.6
  3.6
  3.7
  3.8
  3.9
  3.9
  4.0
  4.1
  4.2
  4.3
  4.3
  4.4
  4.5
  4.6
  4.7
  4.8
  4.9
  5.0
  5.1
  5.2
  5.3
  5.4
  5.5
  5.6
  5.7
  5.9
  6.0
  6.1
  6.2
  6.4
  6.5
  6.6
  6.7
  6.9
  7.0
  7.2
  7.3
  7.5
  7.6
  7.8
  7.9
  8.1
  8.2
  8.4
  8.6
  8.7
  8.9
  9.1
  9.3
  9.5
  9.7
  9.9
 10.1
 10.3
 10.5
 10.7
 10.9
 11.1
 11.3
 11.6
 11.8
 12.0
 12.3
 12.5
 12.8
 13.0
 13.3
 13.6
 13.8
 14.1
 14.4
 14.7
 15.0
 15.3
 15.6
 15.9
 16.2
 16.6
 16.9
 17.2
 17.6
 18.0
 18.3
 18.7
 19.1
 19.4
 19.8
 20.2
 20.6
 21.1
 21.5
 21.9
 22.4
 22.8
 23.3
 23.7
 24.2
 24.7
 25.2
 25.7
 26.2
 26.8
 27.3
 27.9
 28.4
 29.0
 29.6
 30.2
 30.8
 31.4
 32.0
 32.7
 33.3
 34.0
 34.7
 35.4
 36.1
 36.9
 37.6
 38.4
 39.1
 39.9
 40.7
 41.5
 42.4
 43.2
 44.1
 45.0
 45.9
 46.8
 47.8
 48.7
 49.7
 50.7
 51.8
 52.8
 53.9
 55.0
 56.1
 57.2
 47.7