#A simple version of the IASP91 Model with added LAB
# Depth(km) Vp(km/s) Vs(km/s) Rho(g/cm^3) Qp	Qs
   0.00       6.200     3.580     2.800    1340.0     601.4
   35.00       6.200     3.580     2.800    1340.0     601.4
   35.00       8.040     4.470     3.381    1449.1     601.4
   71.00       8.044     4.483     3.375    1464.1     607.1
  120.00       8.050     4.500     3.371     195.0      80.0
  120.00       7.648     4.275     3.371     195.0      80.0
  210.00       8.300     4.518     3.361     195.8      80.3
  271.00       8.523     4.628     3.436     365.2     143.0
  410.00       9.030     4.870     3.543     365.8     143.0
  410.00       9.360     5.070     3.724     365.8     143.0
  471.00       9.565     5.199     3.787     364.6     143.0
  660.00      10.200     5.600     3.992     362.2     143.1
  660.00      10.790     5.950     4.381     362.2     143.1
  671.00      10.819     5.979     4.381     758.0     312.0
  760.00      11.056     6.209     4.436     732.1     312.0
  821.00      11.164     6.256     4.474     730.1     312.0
  921.00      11.335     6.329     4.533     740.9     312.0
 1021.00      11.498     6.397     4.592     746.3     312.0
 1121.00      11.653     6.462     4.649     752.7     312.0
 1221.00      11.801     6.524     4.706     757.9     312.0
 1321.00      11.944     6.582     4.762     763.7     312.0
 1421.00      12.080     6.637     4.817     767.9     312.0
 1521.00      12.212     6.691     4.871     772.5     312.0
 1621.00      12.340     6.742     4.924     777.0     312.0
 1721.00      12.463     6.791     4.977     781.5     312.0
 1821.00      12.584     6.838     5.029     786.1     312.0
 1921.00      12.702     6.885     5.080     790.1     312.0
 2021.00      12.819     6.931     5.130     793.5     312.0
 2121.00      12.934     6.976     5.182     796.9     312.0
 2221.00      13.048     7.021     5.232     801.0     312.0
 2321.00      13.163     7.066     5.282     805.0     312.0
 2421.00      13.278     7.112     5.332     809.0     312.0
 2521.00      13.394     7.158     5.382     813.0     312.0
 2621.00      13.513     7.206     5.432     816.9     312.0
 2740.00      13.656     7.265     5.491     822.0     312.0
 2771.00      13.664     7.272     5.506     823.0     312.0
 2889.00      13.691     7.302     5.556     826.0     312.0
