1.4155e-15 2.8064
0.1 43.769
0.2 86.711
0.3 111.43
0.4 103.74
0.5 61.333
0.6 -3.2298
0.7 -63.38
0.8 -89.828
0.9 -69.96
1 -18.595
1.1 32.277
1.2 56.301
1.3 48.164
1.4 21.352
1.5 -5.4139
1.6 -20.319
1.7 -22.075
1.8 -16.209
1.9 -9.1059
2 -4.0196
2.1 -0.54216
2.2 2.8942
2.3 7.0014
2.4 10.642
2.5 11.868
2.6 9.7096
2.7 5.0342
2.8 0.080772
2.9 -2.4445
3 -0.59252
3.1 5.2858
3.2 12.037
3.3 15.019
3.4 10.704
3.5 -1.1
3.6 -16.793
3.7 -30.884
3.8 -38.96
3.9 -39.464
4 -33.288
4.1 -22.362
4.2 -9.4192
4.3 1.8631
4.4 7.4993
4.5 5.5136
4.6 -2.0648
4.7 -9.8969
4.8 -12.236
4.9 -5.5291
5 10.891
5.1 35.291
5.2 63.982
5.3 91.444
5.4 110.81
5.5 115.89
5.6 104.42
5.7 80.056
5.8 51.166
5.9 26.428
6 10.223
6.1 1.2937
6.2 -4.8064
6.3 -11.53
6.4 -18.746
6.5 -23.719
6.6 -24.116
6.7 -20.295
6.8 -15.163
6.9 -11.951
7 -12.082
7.1 -14.757
7.2 -17.949
7.3 -19.456
7.4 -17.72
7.5 -12.696
7.6 -6.265
7.7 -1.3127
7.8 0.022205
7.9 -2.4747
8 -7.1888
8.1 -11.911
8.2 -15.095
8.3 -16.439
8.4 -16.43
8.5 -15.593
8.6 -14.037
8.7 -11.527
8.8 -8.0235
8.9 -4.286
9 -1.7568
9.1 -1.6499
9.2 -3.9476
9.3 -7.216
9.4 -9.2984
9.5 -8.4449
9.6 -4.2441
9.7 1.9952
9.8 7.7076
9.9 10.281
10 8.3101
10.1 2.0502
10.2 -7.0307
10.3 -16.824
10.4 -24.911
10.5 -29.208
10.6 -28.948
10.7 -25.183
10.8 -20.091
10.9 -15.465
11 -11.721
11.1 -7.9934
11.2 -3.1195
11.3 3.1864
11.4 9.7361
11.5 14.262
11.6 14.792
11.7 10.914
11.8 3.9705
11.9 -3.7874
12 -10.304
12.1 -14.408
12.2 -15.952
12.3 -15.456
12.4 -13.547
12.5 -10.579
12.6 -6.7187
12.7 -2.2408
12.8 2.3966
12.9 6.6625
13 9.9635
13.1 11.629
13.2 11.05
13.3 8.0671
13.4 3.32
13.5 -1.7983
13.6 -5.7241
13.7 -7.4956
13.8 -7.1193
13.9 -5.2088
14 -2.3453
14.1 0.99119
14.2 4.0921
14.3 6.0597
14.4 6.2513
14.5 4.6003
14.6 1.5487
14.7 -2.0672
14.8 -5.1394
14.9 -6.6176
15 -6.0381
15.1 -3.7691
15.2 -0.78928
15.3 1.8405
15.4 3.5096
15.5 4.4451
15.6 5.3945
15.7 6.7608
15.8 8.1908
15.9 8.9992
16 8.7088
16.1 7.1996
16.2 4.7256
16.3 2.0006
16.4 0.087596
16.5 -0.082885
16.6 1.5961
16.7 4.2388
16.8 6.5876
16.9 7.7096
17 7.1672
17.1 4.9479
17.2 1.644
17.3 -1.5323
17.4 -3.2837
17.5 -2.9763
17.6 -0.94469
17.7 1.8
17.8 4.1582
17.9 5.4224
18 5.495
18.1 4.7536
18.2 3.8444
18.3 3.509
18.4 4.3188
18.5 6.2661
18.6 8.6552
18.7 10.444
18.8 10.716
18.9 8.9567
19 5.2421
19.1 0.36329
19.2 -4.3171
19.3 -7.3406
19.4 -7.7064
19.5 -5.283
19.6 -0.89389
19.7 4.1063
19.8 8.4885
19.9 11.593
20 13.2
20.1 13.233
20.2 11.697
20.3 8.8581
20.4 5.3616
20.5 1.9978
20.6 -0.64467
20.7 -2.4368
20.8 -3.6773
20.9 -4.812
21 -6.0812
21.1 -7.4114
21.2 -8.503
21.3 -8.928
21.4 -8.3664
21.5 -6.8482
21.6 -4.8052
21.7 -2.8252
21.8 -1.4442
21.9 -1.2486
22 -2.7495
22.1 -5.8635
22.2 -9.5686
22.3 -12.339
22.4 -13.047
22.5 -11.524
22.6 -8.4898
22.7 -5.0526
22.8 -2.2292
22.9 -0.52733
23 0.099202
23.1 -0.13328
23.2 -1.1122
23.3 -2.6339
23.4 -4.1648
23.5 -5.1215
23.6 -5.2891
23.7 -4.8389
23.8 -3.9992
23.9 -2.9261
24 -1.8058
24.1 -0.88861
24.2 -0.38744
24.3 -0.3659
24.4 -0.73981
24.5 -1.2598
24.6 -1.6001
24.7 -1.5844
24.8 -1.3847
24.9 -1.2621
25 -1.2043
25.1 -0.95972
25.2 -0.42848
25.3 0.026172
25.4 -0.19895
25.5 -1.3056
25.6 -2.8482
25.7 -4.1877
25.8 -5.0071
25.9 -5.3892
26 -5.5134
26.1 -5.3667
26.2 -4.8153
26.3 -3.8394
26.4 -2.5723
26.5 -1.0868
26.6 0.69586
26.7 2.792
26.8 4.871
26.9 6.3721
27 7.002
27.1 6.9668
27.2 6.6927
27.3 6.4528
27.4 6.3439
27.5 6.4185
27.6 6.5334
27.7 6.1668
27.8 4.777
27.9 2.4501
28 -0.041931
28.1 -1.8266
28.2 -2.5642
28.3 -2.5653
28.4 -2.4198
28.5 -2.5304
28.6 -2.8992
28.7 -3.2852
28.8 -3.4467
28.9 -3.2707
29 -2.7718
29.1 -2.1282
29.2 -1.5587
29.3 -1.0313
29.4 -0.29689
29.5 0.71713
29.6 1.6768
29.7 2.0808
29.8 1.5725
29.9 0.094989
30 -2.003
30.1 -4.0359
30.2 -5.411
30.3 -6.0417
30.4 -6.1796
30.5 -5.9766
30.6 -5.3959
30.7 -4.5814
30.8 -4.0283
30.9 -4.1691
31 -4.8286
31.1 -5.3104
31.2 -5.0207
31.3 -4.0013
31.4 -2.7392
31.5 -1.6492
31.6 -0.80336
31.7 -0.05786
31.8 0.65987
31.9 1.3174
32 1.8466
32.1 2.2526
32.2 2.5644
32.3 2.6627
32.4 2.3873
32.5 1.7999
32.6 1.2659
32.7 1.2339
32.8 1.9124
32.9 3.0714
33 4.0693
33.1 4.2361
33.2 3.2685
33.3 1.4037
33.4 -0.77724
33.5 -2.6859
33.6 -3.916
33.7 -4.2676
33.8 -3.7682
33.9 -2.693
34 -1.3993
34.1 -0.067987
34.2 1.3464
34.3 2.8783
34.4 4.2942
34.5 5.1006
34.6 4.8908
34.7 3.7277
34.8 2.078
34.9 0.41062
35 -1.0805
35.1 -2.4086
35.2 -3.4905
35.3 -4.0582
35.4 -3.9102
35.5 -3.072
35.6 -1.6366
35.7 0.34404
35.8 2.7253
35.9 5.0932
36 6.8913
36.1 7.8236
36.2 8.0416
36.3 7.8767
36.4 7.5381
36.5 7.0366
36.6 6.3291
36.7 5.4447
36.8 4.4476
36.9 3.3792
37 2.3148
37.1 1.413
37.2 0.8475
37.3 0.62179
37.4 0.54429
37.5 0.36807
37.6 -0.0031441
37.7 -0.38728
37.8 -0.41976
37.9 0.18178
38 1.3972
38.1 2.909
38.2 4.2472
38.3 5.0252
38.4 5.0023
38.5 4.1366
38.6 2.6767
38.7 1.0577
38.8 -0.31948
38.9 -1.221
39 -1.6275
39.1 -1.6352
39.2 -1.3129
39.3 -0.73078
39.4 -0.013504
39.5 0.67322
39.6 1.1148
39.7 1.0189
39.8 0.090144
39.9 -1.7388
40 -3.9979
40.1 -5.8322
40.2 -6.5766
40.3 -6.1234
40.4 -4.7988
40.5 -3.033
40.6 -1.2214
40.7 0.26061
40.8 1.0868
40.9 1.1843
41 0.9014
41.1 0.80083
41.2 1.1475
41.3 1.6878
41.4 2.0217
41.5 2.1007
41.6 2.1851
41.7 2.3623
41.8 2.3261
41.9 1.6806
42 0.2888
42.1 -1.6007
42.2 -3.4874
42.3 -4.9521
42.4 -5.8676
42.5 -6.2889
42.6 -6.147
42.7 -5.1753
42.8 -3.136
42.9 -0.17233
43 3.0785
43.1 5.7779
43.2 7.3464
43.3 7.7253
43.4 7.3098
43.5 6.5634
43.6 5.6464
43.7 4.4074
43.8 2.7301
43.9 0.89984
44 -0.42455
44.1 -0.62242
44.2 0.40479
44.3 2.1952
44.4 4.1138
44.5 5.7568
44.6 6.8818
44.7 7.284
44.8 6.8443
44.9 5.7246
45 4.4431
45.1 3.5714
45.2 3.3543
45.3 3.4896
45.4 3.4616
45.5 3.0394
45.6 2.4046
45.7 1.8327
45.8 1.3854
45.9 0.94985
46 0.37633
46.1 -0.42395
46.2 -1.4611
46.3 -2.6588
46.4 -3.8195
46.5 -4.7665
46.6 -5.4001
46.7 -5.6673
46.8 -5.583
46.9 -5.1745
47 -4.4817
47.1 -3.6069
47.2 -2.7087
47.3 -1.9417
47.4 -1.3798
47.5 -1.0289
47.6 -0.89984
47.7 -0.97309
47.8 -1.025
47.9 -0.65223
48 0.45184
48.1 2.1608
48.2 3.9358
48.3 5.1284
48.4 5.19
48.5 3.8765
48.6 1.4116
48.7 -1.5591
48.8 -4.2194
48.9 -5.9567
49 -6.606
49.1 -6.3941
49.2 -5.6005
49.3 -4.3265
49.4 -2.7135
49.5 -1.142
49.6 -0.060355
49.7 0.25872
49.8 -0.12021
49.9 -0.77931
50 -1.1612
50.1 -1.0244
50.2 -0.63276
50.3 -0.45133
50.4 -0.71973
50.5 -1.3041
50.6 -1.929
50.7 -2.4081
50.8 -2.6151
50.9 -2.3845
51 -1.6036
51.1 -0.28516
51.2 1.3921
51.3 3.1027
51.4 4.4289
51.5 5.0887
51.6 5.0893
51.7 4.7307
51.8 4.3327
51.9 4.1052
52 4.0858
52.1 4.1135
52.2 3.8267
52.3 2.9383
52.4 1.5958
52.5 0.28841
52.6 -0.5204
52.7 -0.67371
52.8 -0.30207
52.9 0.36619
53 1.1777
53.1 2.0566
53.2 2.948
53.3 3.7826
53.4 4.3504
53.5 4.3361
53.6 3.5484
53.7 2.0898
53.8 0.18594
53.9 -1.9338
54 -3.9856
54.1 -5.53
54.2 -6.0821
54.3 -5.3544
54.4 -3.4975
54.5 -1.0187
54.6 1.4533
54.7 3.2994
54.8 4.1463
54.9 4.039
55 3.4468
55.1 2.8378
55.2 2.3407
55.3 1.8336
55.4 1.1664
55.5 0.3157
55.6 -0.60361
55.7 -1.5829
55.8 -2.7105
55.9 -4.0242
56 -5.3063
56.1 -6.1819
56.2 -6.3354
56.3 -5.8238
56.4 -5.0637
56.5 -4.5324
56.6 -4.308
56.7 -4.0376
56.8 -3.3523
56.9 -2.3275
57 -1.442
57.1 -1.0914
57.2 -1.3
57.3 -1.8015
57.4 -2.2557
57.5 -2.485
57.6 -2.4641
57.7 -2.2511
57.8 -1.8676
57.9 -1.3853
58 -1.0189
58.1 -1.0214
58.2 -1.4227
58.3 -1.9665
58.4 -2.286
58.5 -2.0832
58.6 -1.3578
58.7 -0.46713
58.8 0.11002
58.9 0.11825
59 -0.29619
59.1 -0.76939
59.2 -1.131
59.3 -1.4981
59.4 -2.1648
59.5 -3.2455
59.6 -4.5097
59.7 -5.39
59.8 -5.2916
59.9 -4.0918
60 -2.3283
60.1 -0.76528
60.2 0.14257
60.3 0.32812
60.4 -0.10874
60.5 -0.94746
60.6 -1.7871
60.7 -2.2225
60.8 -2.1592
60.9 -1.8235
61 -1.4455
61.1 -1.052
61.2 -0.5819
61.3 -0.12313
61.4 0.11542
61.5 0.073509
61.6 -0.17366
61.7 -0.54068
61.8 -1.0343
61.9 -1.6699
62 -2.3532
62.1 -2.8919
62.2 -3.0898
62.3 -2.9236
62.4 -2.5771
62.5 -2.221
62.6 -1.8254
62.7 -1.2289
62.8 -0.39991
62.9 0.32576
63 0.57205
63.1 0.3337
63.2 0.024231
63.3 0.0046999
63.4 0.17818
63.5 0.16319
63.6 -0.22477
63.7 -0.86824
63.8 -1.5517
63.9 -2.0685
64 -2.1736
64.1 -1.6756
64.2 -0.70715
64.3 0.34674
64.4 1.1287
64.5 1.5385
64.6 1.6661
64.7 1.5481
64.8 1.2026
64.9 0.74761
65 0.30019
65.1 -0.044605
65.2 -0.29371
65.3 -0.56907
65.4 -0.98243
65.5 -1.4863
65.6 -1.8337
65.7 -1.8467
65.8 -1.5521
65.9 -1.1411
66 -0.93783
66.1 -1.1186
66.2 -1.5958
66.3 -2.1221
66.4 -2.3586
66.5 -2.0838
66.6 -1.3401
66.7 -0.42634
66.8 0.35896
66.9 0.90807
67 1.2942
67.1 1.7169
67.2 2.2643
67.3 2.9933
67.4 3.9595
67.5 5.1471
67.6 6.4997
67.7 7.9529
67.8 9.3238
67.9 10.346
68 10.83
68.1 10.698
68.2 9.9414
68.3 8.7075
68.4 7.33
68.5 6.0998
68.6 5.1089
68.7 4.2826
68.8 3.3997
68.9 2.3672
69 1.3606
69.1 0.66821
69.2 0.40608
69.3 0.34456
69.4 0.29626
69.5 0.24747
69.6 0.28324
69.7 0.37951
69.8 0.2352
69.9 -0.26539
70 -0.84379
70.1 -1.1552
70.2 -1.2343
70.3 -1.301
70.4 -1.4398
70.5 -1.528
70.6 -1.4077
70.7 -0.89951
70.8 -0.035859
70.9 0.88687
71 1.6077
71.1 1.9418
71.2 1.8679
71.3 1.5908
71.4 1.5561
71.5 2.0516
71.6 2.7446
71.7 3.1093
71.8 2.9701
71.9 2.4558
72 1.293
72.1 0.4623
72.2 0.05492
72.3 0.45392
72.4 1.6134
72.5 2.9514
72.6 3.8371
72.7 3.9778
72.8 3.4716
72.9 2.5438
73 1.4593
73.1 0.42352
73.2 -0.39852
73.3 -0.94175
73.4 -1.2939
73.5 -1.5774
73.6 -1.8018
73.7 -1.9626
73.8 -2.1161
73.9 -2.339
74 -2.5567
74.1 -2.7016
74.2 -2.8092
74.3 -2.8465
74.4 -2.5656
74.5 -1.8366
74.6 -0.85071
74.7 -0.036707
74.8 0.33262
74.9 0.22379
75 -0.029591
75.1 0.14288
75.2 0.95505
75.3 1.9715
75.4 2.4665
75.5 2.1814
75.6 1.4186
75.7 0.50064
75.8 -0.54376
75.9 -1.6688
76 -2.5506
76.1 -2.803
76.2 -2.4243
76.3 -1.7502
76.4 -1.1903
76.5 -0.98265
76.6 -1.1874
76.7 -1.5455
76.8 -1.7217
76.9 -1.6559
77 -1.6545
77.1 -1.8801
77.2 -2.089
77.3 -1.874
77.4 -1.2825
77.5 -0.62723
77.6 -0.10846
77.7 0.3734
77.8 0.82491
77.9 1.0809
78 0.64464
78.1 0.40579
78.2 0.37932
78.3 0.54962
78.4 0.69285
78.5 0.41283
78.6 -0.44035
78.7 -1.5018
78.8 -2.1227
78.9 -1.996
79 -1.4874
79.1 -1.0997
79.2 -1.0591
79.3 -1.2445
79.4 -1.4671
79.5 -1.6046
79.6 -1.5965
79.7 -1.4545
79.8 -1.237
79.9 -0.96556
80 -0.72123
80.1 -0.58977
80.2 -0.53675
80.3 -0.38462
80.4 -0.0050059
80.5 0.58208
80.6 1.2957
80.7 2.0682
80.8 2.74
80.9 3.1168
81 3.1485
81.1 2.9188
81.2 2.4498
81.3 1.7343
81.4 0.89284
81.5 0.11872
81.6 -0.43383
81.7 -0.75589
81.8 -0.9426
81.9 -1.1974
82 -1.5592
82.1 -1.9803
82.2 -2.3226
82.3 -2.492
82.4 -2.3648
82.5 -1.8489
82.6 -1.0504
82.7 -0.20264
82.8 0.47626
82.9 0.92929
83 1.1938
83.1 1.2175
83.2 0.86755
83.3 0.18148
83.4 -0.44072
83.5 -0.57144
83.6 -0.13889
83.7 0.53684
83.8 1.0497
83.9 1.1577
84 0.96436
84.1 0.62899
84.2 0.1256
84.3 -0.58753
84.4 -1.3453
84.5 -1.9276
84.6 -2.3089
84.7 -2.5405
84.8 -2.5784
84.9 -2.327
85 -1.8215
85.1 -1.2114
85.2 -0.60106
85.3 -0.090728
85.4 0.20692
85.5 0.11851
85.6 -0.40595
85.7 -1.0983
85.8 -1.5772
85.9 -1.7094
86 -1.5309
86.1 -1.1175
86.2 -0.55918
86.3 0.044937
86.4 0.61798
86.5 1.1189
86.6 1.4739
86.7 1.5832
86.8 1.444
86.9 1.0936
87 0.73455
87.1 0.64821
87.2 0.8904
87.3 1.1753
87.4 1.1678
87.5 0.7245
87.6 -0.069253
87.7 -0.91628
87.8 -1.5054
87.9 -1.745
88 -1.7775
88.1 -1.7335
88.2 -1.6467
88.3 -1.4785
88.4 -1.2293
88.5 -0.95141
88.6 -0.61387
88.7 -0.17906
88.8 0.31129
88.9 0.71908
89 0.95059
89.1 0.97649
89.2 0.91191
89.3 0.8252
89.4 0.69848
89.5 0.44307
89.6 -0.040455
89.7 -0.72016
89.8 -1.3489
89.9 -1.56
90 -1.1886
