1.4155e-15 -23.215
0.1 47.121
0.2 130.9
0.3 180.74
0.4 164.99
0.5 92.107
0.6 4.4025
0.7 -53.257
0.8 -62.705
0.9 -37.811
1 -7.429
1.1 5.8793
1.2 -3.6611
1.3 -27.302
1.4 -50.606
1.5 -62.403
1.6 -59.682
1.7 -46.612
1.8 -29.366
1.9 -11.42
2 7.0026
2.1 26.106
2.2 43.683
2.3 55.615
2.4 58.211
2.5 50.329
2.6 33.874
2.7 12.966
2.8 -7.2968
2.9 -21.866
3 -26.801
3.1 -21.06
3.2 -7.703
3.3 6.7122
3.4 14.95
3.5 12.749
3.6 1.1728
3.7 -13.909
3.8 -24.953
3.9 -26.677
4 -18.456
4.1 -3.9047
4.2 11.054
4.3 21.255
4.4 23.466
4.5 16.762
4.6 2.8522
4.7 -13.644
4.8 -25.793
4.9 -26.612
5 -12.12
5.1 16.045
5.2 50.91
5.3 83.381
5.4 106.11
5.5 115.74
5.6 112.72
5.7 100.04
5.8 81.939
5.9 62.762
6 45.747
6.1 32.063
6.2 21.183
6.3 11.752
6.4 3.1141
6.5 -4.5207
6.6 -11.09
6.7 -17.784
6.8 -26.967
6.9 -40.578
7 -58.276
7.1 -77.043
7.2 -92.383
7.3 -100.03
7.4 -97.285
7.5 -83.765
7.6 -61.588
7.7 -34.865
7.8 -8.5072
7.9 13.244
8 27.873
8.1 35.006
8.2 35.694
8.3 31.106
8.4 21.957
8.5 9.1836
8.6 -4.9501
8.7 -16.968
8.8 -23.874
8.9 -24.981
9 -22.237
9.1 -18.822
9.2 -17.242
9.3 -18.273
9.4 -20.832
9.5 -22.788
9.6 -22.128
9.7 -17.872
9.8 -10.449
9.9 -1.4589
10 6.9286
10.1 12.758
10.2 14.984
10.3 13.833
10.4 10.569
10.5 6.8052
10.6 3.7815
10.7 1.969
10.8 1.0262
10.9 0.18039
11 -1.2801
11.1 -3.7453
11.2 -7.3089
11.3 -11.857
11.4 -17.048
11.5 -22.228
11.6 -26.516
11.7 -29.039
11.8 -29.188
11.9 -26.887
12 -22.622
12.1 -17.257
12.2 -11.662
12.3 -6.406
12.4 -1.6655
12.5 2.589
12.6 6.2899
12.7 9.0666
12.8 10.374
12.9 9.9023
13 7.9056
13.1 5.1114
13.2 2.309
13.3 0.023665
13.4 -1.4964
13.5 -2.0778
13.6 -1.6926
13.7 -0.7282
13.8 -0.0099513
13.9 -0.31973
14 -1.7631
14.1 -3.5312
14.2 -4.3166
14.3 -3.0485
14.4 0.61776
14.5 6.1277
14.6 12.139
14.7 16.998
14.8 19.426
14.9 18.922
15 15.718
15.1 10.55
15.2 4.497
15.3 -1.0206
15.4 -4.4931
15.5 -4.8923
15.6 -2.3568
15.7 1.6673
15.8 5.1149
15.9 6.5721
16 6.1921
16.1 5.4523
16.2 5.8829
16.3 7.8545
16.4 10.409
16.5 12.107
16.6 12.082
16.7 10.526
16.8 8.5215
16.9 7.2276
17 7.0255
17.1 7.1989
17.2 6.4023
17.3 3.5961
17.4 -1.1706
17.5 -6.6234
17.6 -10.953
17.7 -12.739
17.8 -11.576
17.9 -8.0953
18 -3.4885
18.1 1.0585
18.2 4.9955
18.3 8.6385
18.4 12.569
18.5 16.597
18.6 19.374
18.7 19.281
18.8 15.884
18.9 10.579
19 5.6309
19.1 2.5319
19.2 1.2584
19.3 0.88979
19.4 0.57205
19.5 -0.044363
19.6 -0.90738
19.7 -1.8385
19.8 -2.6147
19.9 -3.0266
20 -2.8407
20.1 -1.8401
20.2 0.0088564
20.3 2.3772
20.4 4.629
20.5 6.121
20.6 6.5274
20.7 5.8774
20.8 4.434
20.9 2.6338
21 1.0314
21.1 0.14187
21.2 0.17087
21.3 0.80552
21.4 1.2436
21.5 0.64761
21.6 -1.1739
21.7 -3.5987
21.8 -5.769
21.9 -7.3787
22 -8.7641
22.1 -10.26
22.2 -11.707
22.3 -12.61
22.4 -12.694
22.5 -12.073
22.6 -11.139
22.7 -10.413
22.8 -10.356
22.9 -11.128
23 -12.29
23.1 -13.018
23.2 -12.75
23.3 -11.622
23.4 -10.265
23.5 -9.2335
23.6 -8.7629
23.7 -8.9552
23.8 -9.9441
23.9 -11.7
24 -13.674
24.1 -14.848
24.2 -14.295
24.3 -11.839
24.4 -8.1013
24.5 -3.9567
24.6 0.016055
24.7 3.5746
24.8 6.5684
24.9 8.7813
25 9.8545
25.1 9.4333
25.2 7.4788
25.3 4.5513
25.4 1.5985
25.5 -0.68097
25.6 -2.2625
25.7 -3.5371
25.8 -4.6791
25.9 -5.3693
26 -5.1648
26.1 -3.9909
26.2 -2.2685
26.3 -0.69951
26.4 0.1414
26.5 0.15877
26.6 -0.2021
26.7 -0.28867
26.8 0.34011
26.9 1.6687
27 3.2856
27.1 4.5627
27.2 4.9665
27.3 4.359
27.4 3.103
27.5 1.881
27.6 1.3877
27.7 2.0532
27.8 3.8368
27.9 6.1614
28 8.1643
28.1 9.129
28.2 8.7215
28.3 6.9168
28.4 3.9482
28.5 0.42069
28.6 -2.6927
28.7 -4.4439
28.8 -4.4403
28.9 -3.0176
29 -0.96747
29.1 0.90519
29.2 2.1755
29.3 2.9402
29.4 3.5966
29.5 4.4648
29.6 5.5556
29.7 6.7022
29.8 7.7728
29.9 8.7007
30 9.3424
30.1 9.4737
30.2 8.895
30.3 7.5134
30.4 5.4467
30.5 3.0598
30.6 0.83849
30.7 -0.89354
30.8 -2.1096
30.9 -2.9144
31 -3.3278
31.1 -3.3039
31.2 -2.938
31.3 -2.471
31.4 -2.1278
31.5 -1.9936
31.6 -2.1055
31.7 -2.5526
31.8 -3.3644
31.9 -4.3228
32 -4.9454
32.1 -4.6757
32.2 -3.2951
32.3 -1.2482
32.4 0.68333
32.5 2.0618
32.6 3.089
32.7 4.3081
32.8 6.0772
32.9 8.2052
33 10.134
33.1 11.305
33.2 11.464
33.3 10.645
33.4 8.9324
33.5 6.3837
33.6 3.2846
33.7 0.32496
33.8 -1.681
33.9 -2.4612
34 -2.4112
34.1 -2.1026
34.2 -1.8097
34.3 -1.4594
34.4 -0.8787
34.5 -0.048607
34.6 0.80388
34.7 1.2532
34.8 0.96676
34.9 -0.0077698
35 -1.1983
35.1 -2.0199
35.2 -2.2189
35.3 -2.0396
35.4 -1.9455
35.5 -2.2513
35.6 -2.9787
35.7 -3.8648
35.8 -4.4639
35.9 -4.311
36 -3.2697
36.1 -1.8057
36.2 -0.7105
36.3 -0.56159
36.4 -1.5163
36.5 -3.4127
36.6 -5.9486
36.7 -8.7091
36.8 -11.266
36.9 -13.276
37 -14.566
37.1 -15.052
37.2 -14.729
37.3 -13.626
37.4 -11.838
37.5 -9.4825
37.6 -6.5952
37.7 -3.183
37.8 0.52467
37.9 3.9698
38 6.4526
38.1 7.6406
38.2 7.9072
38.3 7.9667
38.4 8.2136
38.5 8.4773
38.6 8.3217
38.7 7.5227
38.8 6.1793
38.9 4.4171
39 2.3314
39.1 0.23892
39.2 -1.1924
39.3 -1.3339
39.4 -0.15446
39.5 1.7192
39.6 3.4604
39.7 4.5441
39.8 4.8658
39.9 4.5604
40 3.9056
40.1 3.1783
40.2 2.4311
40.3 1.4904
40.4 0.22284
40.5 -1.1476
40.6 -2.2043
40.7 -2.6945
40.8 -2.7502
40.9 -2.7131
41 -2.7457
41.1 -2.7267
41.2 -2.5163
41.3 -2.1
41.4 -1.5375
41.5 -0.83577
41.6 -0.011426
41.7 0.8077
41.8 1.3879
41.9 1.6022
42 1.5872
42.1 1.5297
42.2 1.4352
42.3 1.1107
42.4 0.41184
42.5 -0.60037
42.6 -1.7571
42.7 -2.881
42.8 -3.8234
42.9 -4.5954
43 -5.2437
43.1 -5.7616
43.2 -6.1003
43.3 -6.2137
43.4 -6.0219
43.5 -5.3552
43.6 -4.1484
43.7 -2.5535
43.8 -0.79657
43.9 1.006
44 2.8935
44.1 4.7479
44.2 6.2087
44.3 7.0019
44.4 7.1322
44.5 6.8722
44.6 6.6167
44.7 6.7573
44.8 7.4763
44.9 8.7063
45 10.192
45.1 11.646
45.2 12.865
45.3 13.652
45.4 13.726
45.5 12.7
45.6 10.455
45.7 7.5321
45.8 4.8759
45.9 3.1333
46 2.1758
46.1 1.403
46.2 0.53066
46.3 -0.14293
46.4 -0.19579
46.5 0.46673
46.6 1.5437
46.7 2.5045
46.8 2.9099
46.9 2.6639
47 2.0344
47.1 1.453
47.2 1.1532
47.3 0.9547
47.4 0.50549
47.5 -0.23546
47.6 -0.95972
47.7 -1.3497
47.8 -1.3018
47.9 -0.88722
48 -0.22677
48.1 0.51614
48.2 1.0132
48.3 0.86532
48.4 0.043066
48.5 -1.0113
48.6 -1.7948
48.7 -2.2132
48.8 -2.475
48.9 -2.6957
49 -2.7861
49.1 -2.6532
49.2 -2.3183
49.3 -1.9118
49.4 -1.6147
49.5 -1.5355
49.6 -1.6302
49.7 -1.6065
49.8 -1.0904
49.9 -0.026619
50 1.1954
50.1 2.0127
50.2 2.0732
50.3 1.476
50.4 0.58956
50.5 -0.20844
50.6 -0.65897
50.7 -0.69761
50.8 -0.39887
50.9 0.058949
51 0.56132
51.1 1.1186
51.2 1.6405
51.3 1.7945
51.4 1.2492
51.5 0.085889
51.6 -1.1489
51.7 -1.8353
51.8 -1.8083
51.9 -1.5717
52 -1.7864
52.1 -2.653
52.2 -3.7002
52.3 -4.2181
52.4 -3.8298
52.5 -2.7142
52.6 -1.3701
52.7 -0.29742
52.8 0.13313
52.9 -0.23045
53 -1.2088
53.1 -2.3556
53.2 -3.1601
53.3 -3.4173
53.4 -3.3563
53.5 -3.3184
53.6 -3.3081
53.7 -2.9773
53.8 -2.0028
53.9 -0.55648
54 0.7911
54.1 1.5484
54.2 1.6206
54.3 1.2041
54.4 0.44856
54.5 -0.66394
54.6 -2.0938
54.7 -3.536
54.8 -4.4429
54.9 -4.3411
55 -3.1364
55.1 -1.2129
55.2 0.7108
55.3 1.8778
55.4 1.729
55.5 0.23462
55.6 -2.0495
55.7 -4.212
55.8 -5.475
55.9 -5.5556
56 -4.6358
56.1 -3.1201
56.2 -1.4478
56.3 -0.0091059
56.4 1.0031
56.5 1.558
56.6 1.7388
56.7 1.6177
56.8 1.2115
56.9 0.50152
57 -0.46886
57.1 -1.5499
57.2 -2.584
57.3 -3.3522
57.4 -3.6142
57.5 -3.204
57.6 -2.1685
57.7 -0.77649
57.8 0.54011
57.9 1.3246
58 1.259
58.1 0.31952
58.2 -1.1445
58.3 -2.5356
58.4 -3.411
58.5 -3.5064
58.6 -2.6302
58.7 -0.8677
58.8 1.3278
58.9 3.2482
59 4.2066
59.1 3.9498
59.2 2.6651
59.3 0.8154
59.4 -1.0756
59.5 -2.6412
59.6 -3.7505
59.7 -4.4161
59.8 -4.7104
59.9 -4.7847
60 -4.8868
60.1 -5.1384
60.2 -5.3081
60.3 -5.0298
60.4 -4.1875
60.5 -3.0185
60.6 -1.8985
60.7 -1.1711
60.8 -1.0311
60.9 -1.4937
61 -2.3225
61.1 -3.0668
61.2 -3.3637
61.3 -3.0002
61.4 -1.9417
61.5 -0.33725
61.6 1.5744
61.7 3.3967
61.8 4.7582
61.9 5.4553
62 5.4454
62.1 4.8132
62.2 3.7618
62.3 2.5561
62.4 1.4729
62.5 0.59324
62.6 -0.28148
62.7 -1.343
62.8 -2.5172
62.9 -3.3642
63 -3.4533
63.1 -2.7258
63.2 -1.521
63.3 -0.33747
63.4 0.43121
63.5 0.60963
63.6 0.1735
63.7 -0.61807
63.8 -1.403
63.9 -1.9547
64 -2.3239
64.1 -2.7297
64.2 -3.37
64.3 -4.3435
64.4 -5.6262
64.5 -7.0357
64.6 -8.2869
64.7 -9.1036
64.8 -9.2126
64.9 -8.3721
65 -6.6321
65.1 -4.4929
65.2 -2.6315
65.3 -1.4431
65.4 -0.95705
65.5 -0.86691
65.6 -0.81258
65.7 -0.62499
65.8 -0.35606
65.9 -0.18621
66 -0.14455
66.1 -0.0402
66.2 0.32466
66.3 0.86615
66.4 1.2686
66.5 1.294
66.6 1.0106
66.7 0.79329
66.8 0.8511
66.9 0.95295
67 0.77832
67.1 0.23356
67.2 -0.50442
67.3 -1.2121
67.4 -1.8478
67.5 -2.3237
67.6 -2.3823
67.7 -1.7818
67.8 -0.61282
67.9 0.71394
68 1.8093
68.1 2.5577
68.2 3.3154
68.3 4.465
68.4 6.1537
68.5 7.9979
68.6 9.6119
68.7 10.843
68.8 11.78
68.9 12.409
69 12.49
69.1 11.963
69.2 10.982
69.3 9.8003
69.4 8.4314
69.5 7.154
69.6 6.3491
69.7 6.0805
69.8 6.0735
69.9 5.9696
70 5.6381
70.1 5.1818
70.2 5.0053
70.3 5.4112
70.4 6.1358
70.5 6.6266
70.6 6.5721
70.7 6.2856
70.8 6.0997
70.9 6.0699
71 5.9202
71.1 5.5879
71.2 5.0999
71.3 4.5865
71.4 4.0654
71.5 3.7095
71.6 3.511
71.7 3.2787
71.8 2.5974
71.9 1.258
72 -0.20512
72.1 -1.6011
72.2 -2.4133
72.3 -2.6391
72.4 -2.5527
72.5 -2.2746
72.6 -1.8198
72.7 -1.27
72.8 -0.82032
72.9 -0.64017
73 -0.7039
73.1 -0.74091
73.2 -0.48527
73.3 0.0056607
73.4 0.38808
73.5 0.43496
73.6 0.18001
73.7 -0.22936
73.8 -0.79225
73.9 -1.4923
74 -2.1419
74.1 -2.517
74.2 -2.5415
74.3 -2.2149
74.4 -1.5715
74.5 -0.79681
74.6 -0.14288
74.7 0.19878
74.8 0.25931
74.9 -0.011573
75 -0.60518
75.1 -1.3075
75.2 -1.7417
75.3 -1.7638
75.4 -1.4885
75.5 -1.0913
75.6 -0.71713
75.7 -0.46485
75.8 -0.3852
75.9 -0.43939
76 -0.70837
76.1 -1.2399
76.2 -1.8911
76.3 -2.3698
76.4 -2.5837
76.5 -2.528
76.6 -2.1462
76.7 -1.4822
76.8 -0.77791
76.9 -0.4735
77 -0.83332
77.1 -1.6609
77.2 -2.5217
77.3 -3.0905
77.4 -3.3134
77.5 -3.3471
77.6 -3.3229
77.7 -3.2351
77.8 -2.9002
77.9 -2.2607
78 -1.3996
78.1 -0.81531
78.2 -0.52514
78.3 -0.54675
78.4 -0.87381
78.5 -1.4937
78.6 -2.2948
78.7 -3.0509
78.8 -3.5553
78.9 -3.7539
79 -3.6561
79.1 -3.3176
79.2 -2.8202
79.3 -2.3756
79.4 -2.1894
79.5 -2.3792
79.6 -2.8148
79.7 -3.1462
79.8 -3.0116
79.9 -2.3342
80 -1.3061
80.1 -0.25474
80.2 0.57622
80.3 1.0938
80.4 1.3481
80.5 1.4582
80.6 1.4521
80.7 1.243
80.8 0.68371
80.9 -0.098456
81 -0.81859
81.1 -1.2475
81.2 -1.3719
81.3 -1.3307
81.4 -1.2145
81.5 -1.0153
81.6 -0.66891
81.7 -0.13542
81.8 0.51822
81.9 1.125
82 1.0799
82.1 0.91404
82.2 0.53269
82.3 0.099489
82.4 -0.21166
82.5 -0.25903
82.6 0.056252
82.7 0.63507
82.8 1.2407
82.9 1.6575
83 1.7627
83.1 1.5492
83.2 1.0701
83.3 0.48237
83.4 -0.04029
83.5 -0.30548
83.6 -0.20789
83.7 0.28307
83.8 1.0076
83.9 1.6658
84 2.0272
84.1 2.0598
84.2 1.8433
84.3 1.4483
84.4 0.86506
84.5 0.12949
84.6 -0.69004
84.7 -1.4036
84.8 -1.8009
84.9 -1.8222
85 -1.6372
85.1 -1.4518
85.2 -1.4256
85.3 -1.6274
85.4 -1.9861
85.5 -2.3005
85.6 -2.4451
85.7 -2.3705
85.8 -2.0925
85.9 -1.656
86 -1.1547
86.1 -0.67404
86.2 -0.28553
86.3 -0.030008
86.4 0.093348
86.5 0.07569
86.6 -0.063211
86.7 -0.32692
86.8 -0.64475
86.9 -0.8503
87 -0.86732
87.1 -0.75903
87.2 -0.5844
87.3 -0.28265
87.4 0.21752
87.5 0.78491
87.6 1.2019
87.7 1.3709
87.8 1.3404
87.9 1.2149
88 1.0938
88.1 1.1226
88.2 1.3585
88.3 1.6722
88.4 1.9172
88.5 2.1763
88.6 2.5439
88.7 2.9207
88.8 3.105
88.9 2.966
89 2.5504
89.1 1.9751
89.2 1.4144
89.3 0.94735
89.4 0.58547
89.5 0.23891
89.6 -0.1728
89.7 -0.67181
89.8 -1.1392
89.9 -1.376
90 -1.1922
